9.2517564e-04
7.6910821e-03
1.3563627e-02
1.6368927e-02
1.6067390e-02
1.6414676e-02
1.9826040e-02
2.3385564e-02
2.2878658e-02
1.9930641e-02
1.7413564e-02
1.3479786e-02
6.3393936e-03
-3.0093949e-03
-1.2112037e-02
-1.8866497e-02
-2.3159786e-02
-2.7186168e-02
-3.2707201e-02
-3.7228197e-02
-3.7853566e-02
-3.5875183e-02
-3.2903378e-02
-2.6525738e-02
-1.1678952e-02
8.3335012e-03
2.3118544e-02
2.9333385e-02
2.7797013e-02
2.1470449e-02
1.5113253e-02
1.0228820e-02
6.6529102e-03
3.1999307e-03
-1.5555273e-04
-8.0726972e-04
2.0725230e-03
5.4738414e-03
6.8338643e-03
7.4838713e-03
1.0233237e-02
1.5790008e-02
2.2805316e-02
2.9475133e-02
3.5118750e-02
3.9539904e-02
4.1491965e-02
3.9906855e-02
3.2304211e-02
1.3760824e-02
-1.0856177e-02
-2.7684823e-02
-3.4879829e-02
-3.7264657e-02
-3.4157064e-02
-2.6456809e-02
-1.8843467e-02
-1.4625296e-02
-1.3047049e-02
-1.1224878e-02
-7.5194141e-03
-2.8456581e-03
1.3938349e-03
4.7749175e-03
8.0353168e-03
1.1860963e-02
1.4432036e-02
1.2621947e-02
5.7492206e-03
-3.6377013e-03
-1.1679478e-02
-1.7199568e-02
-2.1925981e-02
-2.4858277e-02
-2.1294172e-02
-1.1345725e-02
-1.6698461e-03
4.3005352e-03
8.1622251e-03
1.2275438e-02
1.7210700e-02
2.1995872e-02
2.5336936e-02
2.5672967e-02
2.3039821e-02
1.7340634e-02
7.3991780e-03
-4.2989266e-03
-1.4791352e-02
-2.3036482e-02
-2.8255207e-02
-3.1742552e-02
-3.5047926e-02
-3.8924812e-02
-4.2192820e-02
-4.2562858e-02
-4.0279752e-02
-3.6410135e-02
-2.8831081e-02
-1.1433794e-02
1.2488479e-02
2.9995354e-02
3.7959666e-02
3.9265714e-02
3.5325812e-02
2.8002811e-02
1.9651064e-02
1.1966244e-02
5.0340558e-03
-3.6728804e-05
-1.3830536e-03
1.0359739e-03
2.8753594e-03
2.1649552e-03
3.7201884e-03
1.0119227e-02
1.8469582e-02
2.6032244e-02
3.4048618e-02
4.3434449e-02
5.2410352e-02
5.7449738e-02
5.4894862e-02
4.3010082e-02
1.8521133e-02
-1.2202519e-02
-3.4001368e-02
-4.4170231e-02
-4.7742585e-02
-4.5953965e-02
-3.9579829e-02
-3.2353398e-02
-2.6545624e-02
-1.9768544e-02
-9.8773053e-03
6.6696086e-04
7.3962718e-03
8.9283007e-03
7.1037591e-03
2.3605900e-03
-6.6433030e-03
-1.9939600e-02
-3.5914759e-02
-5.0602176e-02
-6.0992396e-02
-6.8336325e-02
-7.3926196e-02
-7.6067452e-02
-6.8207749e-02
-3.8827268e-02
5.0637568e-03
3.6186303e-02
4.7320460e-02
4.9436045e-02
4.7375504e-02
4.3540128e-02
4.0867631e-02
3.8698869e-02
3.4316603e-02
2.7408189e-02
2.0519816e-02
1.5556829e-02
1.2704827e-02
1.3365914e-02
1.9077608e-02
2.8502999e-02
3.6697397e-02
3.9695843e-02
3.9614119e-02
4.1455024e-02
4.8063193e-02
5.6893944e-02
6.1917567e-02
5.7491794e-02
3.6263603e-02
3.0375603e-03
-2.3917101e-02
-4.0216918e-02
-5.1069154e-02
-5.6776388e-02
-5.7268444e-02
-5.3424728e-02
-4.5487943e-02
-3.6143893e-02
-2.8758957e-02
-2.2280044e-02
-1.6445390e-02
-1.2728705e-02
-9.5231461e-03
-3.3410611e-03
5.3493506e-03
1.1935132e-02
1.5586976e-02
1.9618429e-02
2.3919211e-02
2.4978523e-02
2.1328980e-02
1.4008751e-02
4.8735768e-03
-5.8682597e-03
-1.6997983e-02
-2.4589625e-02
-2.7779241e-02
-2.6876931e-02
-2.1443078e-02
-1.3473820e-02
-6.5720809e-03
-2.8990054e-03
-6.8846068e-04
2.7231690e-03
6.7718934e-03
9.5432268e-03
1.0321220e-02
9.2766446e-03
7.7018632e-03
6.5751067e-03
3.2924462e-03
-3.3214796e-03
-1.0784905e-02
-1.7282172e-02
-2.2191707e-02
-2.5589490e-02
-2.6707747e-02
-2.3243851e-02
-1.3606529e-02
-7.1511540e-04
1.0266598e-02
1.6112215e-02
1.7397903e-02
1.8481667e-02
2.0921873e-02
2.1842226e-02
1.9958140e-02
1.6782980e-02
1.2787242e-02
8.2265887e-03
3.1998979e-03
-3.1322013e-03
-8.8162812e-03
-1.1961051e-02
-1.4228692e-02
-1.6028566e-02
-1.5902266e-02
-1.3407817e-02
-9.1934874e-03
-5.3986691e-03
-3.0094946e-03
-9.0763246e-04
1.8867595e-03
6.1301487e-03
1.1331129e-02
1.5844083e-02
1.7751576e-02
1.6351006e-02
1.3320878e-02
1.0165445e-02
5.7097134e-03
-1.9270161e-03
-9.9683326e-03
-1.3389915e-02
-1.2241725e-02
-1.1801214e-02
-1.4932002e-02
-1.7892072e-02
-1.6309729e-02
-1.0349055e-02
-3.7260151e-03
1.0719159e-03
5.1865755e-03
9.3894784e-03
1.1963115e-02
1.0693457e-02
4.6849890e-03
-2.6512810e-03
-4.0857078e-03
7.6944430e-04
3.9706026e-03
2.6839686e-03
6.2685072e-04
-4.3161710e-05
-5.1835285e-04
-2.2170830e-03
-4.3521345e-03
-5.1810009e-03
-4.0478683e-03
-3.9060941e-04
4.9075390e-03
9.6962002e-03
1.3959057e-02
1.7223578e-02
1.8245339e-02
1.6289741e-02
1.1152394e-02
4.4964741e-03
-1.7411229e-03
-7.7211886e-03
-1.3086850e-02
-1.5940703e-02
-1.5762588e-02
-1.2958149e-02
-8.3976569e-03
-3.9376918e-03
-1.1347994e-03
1.0866133e-03
4.8537458e-03
9.6991440e-03
1.3289711e-02
1.4385543e-02
1.3998897e-02
1.3089461e-02
1.0454264e-02
5.2730890e-03
-2.2729478e-03
-1.1155107e-02
-1.7576198e-02
-1.8850359e-02
-1.7322323e-02
-1.6427172e-02
-1.6498010e-02
-1.6247912e-02
-1.4427936e-02
-1.0639381e-02
-7.0120475e-03
-4.5827462e-03
3.3905521e-04
8.7548247e-03
1.5356909e-02
1.7145993e-02
1.6328058e-02
1.4749376e-02
1.2163202e-02
7.3557151e-03
-6.0908724e-04
-8.7815373e-03
-1.2318738e-02
-1.1299551e-02
-1.0075002e-02
-9.9285586e-03
-8.6223160e-03
-5.3380272e-03
-1.9697606e-04
5.7504087e-03
1.0430723e-02
1.4038573e-02
1.8930329e-02
2.4995560e-02
2.9002688e-02
2.8414311e-02
2.3223740e-02
1.4955549e-02
6.2977173e-03
-5.2293495e-04
-6.7803945e-03
-1.2962989e-02
-1.6241703e-02
-1.4866845e-02
-1.1782657e-02
-1.1172102e-02
-1.1276135e-02
-7.8264356e-03
-2.5713366e-03
3.9861854e-04
1.5986872e-03
2.5350651e-03
4.0666637e-03
6.8263472e-03
7.9070009e-03
4.0169688e-03
-4.0331353e-03
-1.3418973e-02
-2.1507581e-02
-2.8147936e-02
-3.3189369e-02
-3.3133225e-02
-2.4985686e-02
-1.2076094e-02
-1.9009624e-03
3.3017954e-03
5.4280822e-03
6.8331217e-03
8.8631550e-03
1.0767134e-02
1.2157605e-02
1.3342972e-02
1.4755497e-02
1.6969798e-02
1.9690086e-02
1.9542762e-02
1.4590822e-02
8.9909343e-03
6.7652855e-03
6.9005019e-03
7.1947168e-03
7.1030514e-03
7.2931874e-03
1.0016039e-02
1.5818348e-02
1.9916817e-02
1.7611171e-02
7.4883372e-03
-5.6678305e-03
-1.1570244e-02
-9.5774847e-03
-6.3540901e-03
-2.3590941e-03
2.5924417e-03
4.9690255e-03
3.4984098e-03
-1.0344424e-03
-6.9678446e-03
-1.2152766e-02
-1.6683273e-02
-2.1090930e-02
-2.4346886e-02
-2.3973457e-02
-1.8697385e-02
-1.1633192e-02
-6.7582260e-03
-4.6867324e-03
-3.1051692e-03
9.9370326e-05
4.5108842e-03
8.3752164e-03
1.1168062e-02
1.4841963e-02
2.0404353e-02
2.4641921e-02
2.3362764e-02
1.6504269e-02
8.2526562e-03
2.1212038e-03
-2.9881372e-03
-9.3985228e-03
-1.6086587e-02
-2.0163437e-02
-1.9947442e-02
-1.7070172e-02
-1.4113026e-02
-1.0616457e-02
-5.3462662e-03
2.0470166e-03
9.3311919e-03
1.3076829e-02
1.5097462e-02
1.8317093e-02
2.2064022e-02
2.4432105e-02
2.3106040e-02
1.7542136e-02
8.6522541e-03
-1.9673703e-03
-1.1551178e-02
-1.8958843e-02
-2.4235189e-02
-2.5643027e-02
-2.2211798e-02
-1.7415938e-02
-1.4607595e-02
-1.3682777e-02
-1.3244401e-02
-1.1559526e-02
-8.0322956e-03
-3.8843154e-03
-1.1824109e-04
4.5594714e-03
1.1083721e-02
1.7102504e-02
1.9767265e-02
1.8160482e-02
1.2589107e-02
5.3859508e-03
-1.2698251e-03
-8.7449191e-03
-1.6574043e-02
-1.9024171e-02
-1.4005777e-02
-7.3910303e-03
-4.1755298e-03
-4.6546065e-03
-6.0408148e-03
-4.6457609e-03
6.4807728e-05
5.6662484e-03
1.0116621e-02
1.3040367e-02
1.4899467e-02
1.5988798e-02
1.4853463e-02
1.0823504e-02
5.8134413e-03
7.9657496e-04
-3.6921500e-03
-7.4033729e-03
-1.1489735e-02
-1.5454043e-02
-1.5710550e-02
-1.1994544e-02
-1.0015576e-02
-1.1418777e-02
-1.0895820e-02
-4.3164495e-03
5.4855741e-03
1.3117593e-02
1.6606662e-02
1.7640118e-02
1.9433756e-02
2.0916804e-02
1.9091507e-02
1.4384023e-02
8.2683214e-03
2.3730049e-03
-3.4206246e-03
-1.0946421e-02
-1.8127493e-02
-2.0850330e-02
-1.8235896e-02
-1.2226388e-02
-5.5994306e-03
6.0484888e-04
6.9210343e-03
1.2665430e-02
1.5927773e-02
1.6621713e-02
1.6018005e-02
1.2722427e-02
8.1509933e-03
6.0207036e-03
4.6888481e-03
1.0573052e-03
-4.5851750e-03
-8.9589153e-03
-1.0921176e-02
-1.2399725e-02
-1.4270581e-02
-1.6121033e-02
-1.6576494e-02
-1.4879311e-02
-1.3506929e-02
-1.3975264e-02
-1.3876527e-02
-1.1479404e-02
-7.7797034e-03
-3.7091040e-03
3.2619772e-04
3.1051055e-03
4.8650069e-03
6.0222955e-03
5.4650401e-03
4.2157354e-03
6.5507396e-03
1.3217150e-02
1.8125127e-02
1.7035931e-02
1.0880758e-02
3.5497504e-03
-7.2200932e-04
-2.9441643e-03
-6.1245723e-03
-1.0020198e-02
-1.3373081e-02
-1.4010023e-02
-9.4485115e-03
-2.0468169e-03
3.2173202e-03
6.0937031e-03
1.0459416e-02
1.7008144e-02
2.1301439e-02
1.9987326e-02
1.3560942e-02
4.9691181e-03
-3.7039261e-03
-1.2820039e-02
-2.1345369e-02
-2.5591435e-02
-2.3914303e-02
-1.8720610e-02
-1.4690329e-02
-1.4887177e-02
-1.6564533e-02
-1.5857055e-02
-1.2476688e-02
-7.7294747e-03
5.7928252e-05
1.3207086e-02
2.7875971e-02
4.0197987e-02
4.9919496e-02
5.5892691e-02
5.9321768e-02
6.4810501e-02
7.2102384e-02
7.6979721e-02
8.0202981e-02
8.3995460e-02
8.8580584e-02
9.1690396e-02
8.7551870e-02
6.9090509e-02
2.2529352e-02
-4.1903379e-02
-8.4153810e-02
-9.3989219e-02
-8.6938046e-02
-7.3310096e-02
-5.8397569e-02
-4.3623839e-02
-3.0777386e-02
-2.1373189e-02
-1.6626159e-02
-1.6180788e-02
-1.8093642e-02
-2.1288971e-02
-2.5504033e-02
-3.0109452e-02
-3.3391285e-02
-3.6119138e-02
-4.1288295e-02
-4.9903040e-02
-5.7846307e-02
-5.9842627e-02
-5.6031695e-02
-4.7585961e-02
-3.3345396e-02
-7.1623267e-03
2.8716516e-02
5.5118480e-02
6.3338632e-02
5.9790401e-02
5.0892247e-02
3.9449079e-02
2.5656866e-02
1.0434843e-02
-3.8369125e-03
-1.3995849e-02
-1.8838173e-02
-1.8528501e-02
-1.5844595e-02
-1.5251495e-02
-1.6552967e-02
-1.8117663e-02
-2.1198303e-02
-2.7262671e-02
-3.6055185e-02
-4.6337968e-02
-5.5664444e-02
-6.1579816e-02
-6.3474689e-02
-5.5216030e-02
-2.2914001e-02
2.4191721e-02
5.3272781e-02
5.7700454e-02
5.2066480e-02
4.2801989e-02
3.2745703e-02
2.4567954e-02
1.7978537e-02
1.0689112e-02
4.1486373e-03
2.6785304e-03
5.9753704e-03
9.7158261e-03
1.1644749e-02
1.3668557e-02
1.6840421e-02
1.7966180e-02
1.5149739e-02
9.7359795e-03
3.5573414e-03
-1.0014542e-03
-3.2915153e-03
-5.6051039e-03
-9.0116796e-03
-1.1066810e-02
-9.9169165e-03
-7.8526304e-03
-6.2870135e-03
-4.9132463e-03
-3.5930379e-03
-6.0316136e-04
3.6577924e-03
7.1508983e-03
9.7396323e-03
1.2925415e-02
1.7030322e-02
1.9491047e-02
1.8302911e-02
1.3093547e-02
5.7750723e-03
-2.1367246e-04
-4.6416630e-03
-1.0024441e-02
-1.5452849e-02
-1.6701103e-02
-1.3733649e-02
-9.8441171e-03
-6.6427958e-03
-4.6797194e-03
-1.8770568e-03
4.5771637e-03
1.1864272e-02
1.6105251e-02
1.7219154e-02
1.6270390e-02
1.5150084e-02
1.4208312e-02
1.1307928e-02
6.6549380e-03
2.0779579e-03
-3.4265888e-03
-1.0937907e-02
-1.8948079e-02
-2.5150183e-02
-2.7098997e-02
-2.4001469e-02
-1.8204603e-02
-1.2608149e-02
-8.2481605e-03
-3.3008924e-03
4.7879305e-03
1.3837750e-02
1.9327126e-02
2.0566054e-02
1.8469546e-02
1.4771010e-02
1.1554963e-02
6.8104011e-03
-3.6815002e-04
-6.3188214e-03
-8.2180540e-03
-7.9382658e-03
-9.3542565e-03
-1.2472849e-02
-1.4214202e-02
-1.2420930e-02
-8.7185337e-03
-6.1418494e-03
-3.2207346e-03
4.1018556e-03
1.4905148e-02
2.3509030e-02
2.6561077e-02
2.4518618e-02
1.9477465e-02
1.5037374e-02
1.1922591e-02
7.3375438e-03
9.7277082e-04
-5.6151848e-03
-1.1264975e-02
-1.6117660e-02
-2.0384331e-02
-2.3243392e-02
-2.3964275e-02
-2.1408756e-02
-1.6767419e-02
-1.2665350e-02
-9.3897882e-03
-6.9325350e-03
-5.1330952e-03
-2.0057744e-03
3.5086348e-03
1.1278373e-02
2.1441177e-02
3.0807037e-02
3.4575204e-02
3.1888997e-02
2.4534457e-02
1.6118387e-02
9.7350424e-03
3.3213765e-03
-4.8996891e-03
-1.2157163e-02
-1.7848490e-02
-2.2081323e-02
-2.2132998e-02
-1.8076578e-02
-1.1662546e-02
-2.6980368e-03
7.9423903e-03
1.5627935e-02
1.6703569e-02
1.3235344e-02
7.6106726e-03
-8.3463251e-04
-1.0551300e-02
-1.8005605e-02
-2.1436145e-02
-2.0263480e-02
-1.5844574e-02
-1.0739130e-02
-6.2529184e-03
-8.6654878e-04
8.1378547e-03
1.8970109e-02
2.6609352e-02
2.8712910e-02
2.5313303e-02
1.6713392e-02
7.7891305e-03
4.2890436e-03
4.2252582e-03
4.3350034e-03
3.6427843e-03
8.3663317e-04
-4.0051922e-03
-9.7101658e-03
-1.4276678e-02
-1.5839066e-02
-1.5103923e-02
-1.2967403e-02
-9.4731799e-03
-5.0636996e-03
2.2286947e-03
1.3723175e-02
2.5801894e-02
3.5476487e-02
4.5455663e-02
5.8879334e-02
7.3196340e-02
8.2615469e-02
8.2042734e-02
6.7398039e-02
3.1081125e-02
-1.9094265e-02
-5.6522971e-02
-7.3993378e-02
-7.8410514e-02
-7.1362189e-02
-5.8652448e-02
-4.8969369e-02
-4.3890557e-02
-3.9273376e-02
-3.2671114e-02
-2.4485581e-02
-1.7002283e-02
-1.1540671e-02
-6.6984615e-03
-1.3715274e-03
3.9468790e-03
7.6646892e-03
9.1327204e-03
9.1788342e-03
8.1815806e-03
5.7454667e-03
8.9143649e-04
-5.6697733e-03
-1.0276883e-02
-1.0094576e-02
-6.1938512e-03
-1.4615295e-03
1.9139639e-03
3.9055010e-03
5.7926917e-03
7.1925479e-03
7.6002347e-03
8.0543457e-03
9.8971647e-03
1.3263538e-02
1.5396507e-02
1.3998970e-02
8.6571128e-03
-2.9063392e-04
-1.0534667e-02
-2.2171097e-02
-3.7206323e-02
-5.2776950e-02
-6.4882350e-02
-7.4296503e-02
-8.2397750e-02
-9.0080950e-02
-9.5277924e-02
-8.7014881e-02
-4.9069382e-02
8.2755633e-03
4.8727506e-02
6.5203116e-02
7.3905689e-02
7.9213678e-02
7.7625611e-02
6.8008269e-02
5.3243526e-02
3.6156939e-02
1.8917132e-02
3.9680586e-03
-7.0162442e-03
-1.2951896e-02
-1.3076919e-02
-8.2341899e-03
-2.0507797e-03
5.2258888e-04
-2.1439432e-04
-5.9895849e-04
-7.2866767e-04
-2.7376161e-03
-6.0282975e-03
-6.9368601e-03
-2.5111811e-03
8.0667835e-03
2.0602325e-02
2.8312155e-02
2.9787596e-02
2.6832767e-02
2.0944850e-02
1.3995508e-02
7.1190574e-03
8.1070171e-04
-3.5092363e-03
-4.8776365e-03
-4.7964254e-03
-5.6583617e-03
-5.7024837e-03
-1.7089556e-03
3.9135843e-03
8.1458292e-03
1.1829322e-02
1.7330683e-02
2.5475796e-02
3.3144800e-02
3.6140745e-02
3.3675410e-02
2.7529203e-02
1.7705029e-02
4.4898678e-04
-2.3111880e-02
-4.2203607e-02
-5.0575566e-02
-5.1361511e-02
-4.8237528e-02
-4.2851217e-02
-3.5537781e-02
-2.4990667e-02
-1.1597335e-02
6.2738029e-04
8.0621926e-03
1.2350312e-02
1.8784972e-02
2.8221880e-02
3.5818876e-02
3.7870790e-02
3.5479972e-02
3.2945574e-02
3.2650336e-02
3.2468654e-02
3.1353929e-02
3.0546907e-02
3.0404517e-02
2.7474479e-02
1.1952766e-02
-1.4308417e-02
-3.3855870e-02
-4.0191634e-02
-3.8777775e-02
-3.4389992e-02
-2.9839021e-02
-2.5370587e-02
-2.1005774e-02
-1.8826051e-02
-1.9651787e-02
-2.1326908e-02
-2.1884517e-02
-2.0258049e-02
-1.7092448e-02
-1.6023896e-02
-1.9322387e-02
-2.4456175e-02
-2.9015435e-02
-3.4828195e-02
-4.4126123e-02
-5.5689908e-02
-6.4759916e-02
-6.6066995e-02
-5.5538220e-02
-2.6679634e-02
1.2737724e-02
3.9436505e-02
4.8978606e-02
4.9910606e-02
4.5038053e-02
3.8119243e-02
3.4202822e-02
3.3268234e-02
3.2179091e-02
2.9179055e-02
2.2813963e-02
1.5854471e-02
1.3182103e-02
1.4159425e-02
1.5439423e-02
1.6449962e-02
1.7359296e-02
1.7475595e-02
1.6450447e-02
1.3047285e-02
7.1726776e-03
1.5532767e-03
-2.3436418e-03
-5.9464251e-03
-7.1107362e-03
-3.7372654e-03
-7.6345869e-04
-1.5773346e-03
-3.8901432e-03
-5.3222249e-03
-4.9594012e-03
-2.4726862e-03
-4.4687111e-04
-9.6718337e-04
-1.8913805e-03
-1.6838197e-03
1.9316014e-04
3.8603423e-03
6.6115531e-03
6.0577530e-03
2.7931911e-03
-1.3956716e-03
-4.3591951e-03
-4.4020956e-03
-2.4978375e-03
-6.0065897e-05
3.6832864e-03
8.6467024e-03
1.1198966e-02
7.1461360e-03
-1.1199359e-03
-7.3966464e-03
-1.0271243e-02
-1.1768599e-02
-1.2693315e-02
-1.0659858e-02
-4.3936654e-03
2.2479131e-03
6.0985595e-03
8.4624104e-03
1.0764330e-02
1.2325789e-02
1.2023220e-02
8.6833782e-03
3.2589381e-03
-4.9735095e-04
-3.9398553e-04
2.2767531e-03
5.4759250e-03
8.9821385e-03
1.3362475e-02
1.7818042e-02
2.0644726e-02
1.9615409e-02
1.3821329e-02
7.2525038e-03
6.3777344e-03
1.1672946e-02
1.7672284e-02
2.0992594e-02
2.0907946e-02
1.6288725e-02
4.7159833e-03
-1.2849072e-02
-2.9246184e-02
-3.9155092e-02
-4.3515618e-02
-4.5589272e-02
-4.7162059e-02
-4.7466729e-02
-4.4993098e-02
-3.9967842e-02
-3.4953243e-02
-3.1098932e-02
-2.6495330e-02
-1.9749174e-02
-1.2225335e-02
-7.2326257e-03
-3.7809795e-03
7.0423676e-03
2.4338646e-02
3.3653114e-02
3.1781880e-02
2.6379021e-02
2.2052188e-02
1.9969351e-02
1.9170324e-02
1.7703521e-02
1.4243023e-02
1.0054249e-02
8.0793294e-03
8.5254423e-03
9.7118446e-03
1.1447537e-02
1.4417253e-02
1.9808349e-02
2.7405557e-02
3.4304172e-02
3.8230932e-02
3.9209650e-02
3.8140458e-02
3.5190250e-02
2.9405084e-02
1.9417384e-02
1.1651644e-03
-2.4066587e-02
-4.4527324e-02
-5.3003744e-02
-5.1213109e-02
-4.2446382e-02
-3.0110799e-02
-1.7688984e-02
-6.1642698e-03
5.6537371e-03
1.8390642e-02
2.7652187e-02
2.5118549e-02
9.9165960e-03
-7.2586150e-03
-1.6194106e-02
-1.7481663e-02
-1.5865818e-02
-1.3184505e-02
-9.1007253e-03
-3.6066658e-03
1.1162476e-03
2.3654303e-03
-2.2515535e-04
-4.2407339e-03
-1.0209093e-02
-1.7898995e-02
-2.0932735e-02
-1.7020395e-02
-9.3247381e-03
5.6700319e-05
8.9135041e-03
1.3526128e-02
1.3660625e-02
1.2484474e-02
1.0811271e-02
8.1298432e-03
4.8741949e-03
2.0349697e-03
1.3973398e-03
4.3460974e-03
8.6174915e-03
1.1496126e-02
1.4984560e-02
2.1226525e-02
2.8855696e-02
3.4907352e-02
3.8081419e-02
3.9333771e-02
3.6813653e-02
2.4251158e-02
3.0892724e-03
-1.4414378e-02
-2.3258057e-02
-2.7283203e-02
-3.0628718e-02
-3.4868156e-02
-3.8100786e-02
-3.8288311e-02
-3.5489595e-02
-3.2068334e-02
-2.8661155e-02
-2.4480327e-02
-1.9643189e-02
-1.3567953e-02
-6.7378372e-03
-6.0716507e-04
4.4984631e-03
9.1002083e-03
1.2975989e-02
1.4349612e-02
1.1774092e-02
5.4373196e-03
-2.5845120e-03
-9.6188032e-03
-1.5226394e-02
-1.9875115e-02
-2.3208376e-02
-2.4869459e-02
-2.3780644e-02
-2.1251824e-02
-1.9986078e-02
-1.9682836e-02
-1.7143400e-02
-9.2711184e-03
9.8455894e-04
9.5791144e-03
1.6844864e-02
2.2298588e-02
2.4906784e-02
2.3864646e-02
1.8314471e-02
1.1410514e-02
5.9586417e-03
6.1309496e-04
-4.3269460e-03
-6.4079614e-03
-5.0743325e-03
-1.7309846e-03
1.4362487e-03
2.3181780e-03
1.9453148e-03
3.2898136e-03
7.7443339e-03
1.3713169e-02
1.7583433e-02
1.8648736e-02
1.8616280e-02
1.8586540e-02
1.7252448e-02
1.1571743e-02
2.4059808e-03
-7.2536425e-03
-1.5126243e-02
-1.9563322e-02
-2.2509284e-02
-2.6165250e-02
-2.9564363e-02
-3.2343292e-02
-3.6186632e-02
-4.1880552e-02
-4.8021251e-02
-5.1300569e-02
-4.8285310e-02
-3.5148950e-02
-2.9515177e-03
4.1409261e-02
7.1367029e-02
7.9888112e-02
7.5763842e-02
6.3528353e-02
4.7825256e-02
3.2388429e-02
1.7273851e-02
4.9208841e-04
-1.5960078e-02
-2.5685937e-02
-2.5344797e-02
-1.8170307e-02
-9.7669157e-03
-2.2678091e-03
5.7820786e-03
1.5872508e-02
2.6409527e-02
3.4566611e-02
4.0328615e-02
4.4455373e-02
4.6991236e-02
4.5824641e-02
3.6179372e-02
1.4297854e-02
-1.3037132e-02
-3.1506347e-02
-3.8990754e-02
-4.1698485e-02
-4.2037480e-02
-3.9782868e-02
-3.4522848e-02
-2.7599480e-02
-2.1193718e-02
-1.5802971e-02
-1.0140963e-02
-3.4253512e-03
2.3436427e-03
4.9237216e-03
5.5164670e-03
6.2760931e-03
6.7260593e-03
3.3623166e-03
-4.8571981e-03
-1.4110248e-02
-2.0034612e-02
-2.1810744e-02
-2.1748082e-02
-2.0366990e-02
-1.4297431e-02
-4.0804333e-03
3.2876551e-03
5.3920427e-03
4.7554201e-03
4.2835795e-03
6.6028441e-03
1.1598883e-02
1.6881803e-02
1.9626537e-02
1.8645329e-02
1.4858736e-02
8.6428015e-03
2.8036613e-04
-7.4329811e-03
-1.1603148e-02
-1.2623963e-02
-1.2747444e-02
-1.3323051e-02
-1.4866616e-02
-1.6269242e-02
-1.6528920e-02
-1.7697120e-02
-2.0152046e-02
-1.9330232e-02
-1.0529140e-02
3.6334697e-03
1.4523427e-02
1.9571624e-02
2.2635703e-02
2.5259963e-02
2.6875425e-02
2.6011087e-02
2.1406173e-02
1.4402315e-02
7.2698482e-03
1.5314016e-03
-3.3109632e-03
-6.9008161e-03
-7.1820930e-03
-4.3735698e-03
3.6277302e-04
4.7582625e-03
7.5556008e-03
1.1159404e-02
1.7132375e-02
2.3990710e-02
2.8658853e-02
2.8440850e-02
2.2720679e-02
9.0733812e-03
-1.3801835e-02
-4.0216371e-02
-6.5104008e-02
-8.7309649e-02
-1.0480125e-01
-1.1428270e-01
-1.1576158e-01
-1.1227776e-01
-1.0505867e-01
-9.3055528e-02
-7.6124448e-02
-5.5442216e-02
-3.1057619e-02
-2.8708047e-03
2.7595860e-02
5.9277264e-02
9.2952890e-02
1.2946727e-01
1.6872895e-01
2.0907402e-01
2.4298434e-01
2.5965296e-01
2.5399376e-01
2.2156451e-01
1.4395236e-01
3.5519451e-02
-4.6086796e-02
-8.4247421e-02
-9.6798543e-02
-9.5282297e-02
-9.0240830e-02
-8.6242787e-02
-7.9930846e-02
-6.7356882e-02
-5.1489702e-02
-4.0022761e-02
-3.6362709e-02
-3.6734804e-02
-3.7089692e-02
-3.7132872e-02
-3.6976633e-02
-3.5487864e-02
-3.2586395e-02
-3.0392626e-02
-3.2342815e-02
-3.9183475e-02
-4.6293915e-02
-4.6992931e-02
-3.6370968e-02
-8.2021984e-03
2.8919986e-02
5.0691388e-02
5.4200514e-02
5.1087725e-02
4.5041588e-02
3.7487579e-02
2.9782686e-02
2.3147417e-02
1.7185411e-02
8.3778858e-03
-5.0273786e-03
-1.8362101e-02
-2.5001182e-02
-2.5583625e-02
-2.4855722e-02
-2.2517749e-02
-1.6508704e-02
-6.8331856e-03
6.4089796e-03
2.0820296e-02
3.2321585e-02
3.9650892e-02
4.2987468e-02
4.1058642e-02
3.2903793e-02
2.0660831e-02
9.2801740e-03
2.1848797e-03
-3.0104887e-03
-1.0321238e-02
-1.7789194e-02
-1.9989055e-02
-1.6213589e-02
-1.0603588e-02
-7.2814494e-03
-7.2084683e-03
-9.0261334e-03
-1.1784844e-02
-1.5092031e-02
-1.8825906e-02
-2.1742721e-02
-2.1587864e-02
-1.8616387e-02
-1.5978684e-02
-1.6035967e-02
-1.7569633e-02
-1.7983047e-02
-1.6641439e-02
-1.3186685e-02
-5.3832050e-03
4.1302667e-03
8.1641265e-03
5.7467738e-03
1.3354520e-04
-5.2265971e-03
-6.5984677e-03
-2.9689959e-03
3.4510489e-03
1.0263716e-02
1.5389968e-02
1.8281193e-02
2.1145321e-02
2.3644682e-02
2.5062859e-02
2.8095379e-02
3.2844152e-02
3.5656188e-02
3.2582276e-02
2.1173078e-02
5.2235080e-03
-6.5928485e-03
-1.1298289e-02
-1.2048499e-02
-1.2307414e-02
-1.4726067e-02
-1.5947460e-02
-9.0554879e-03
6.4341664e-03
2.2376943e-02
2.9461075e-02
2.7335784e-02
1.9604305e-02
7.2566018e-03
-7.2792286e-03
-1.9703994e-02
-2.6987150e-02
-2.8456308e-02
-2.6329084e-02
-2.3256864e-02
-1.8762119e-02
-1.2273555e-02
-5.1843117e-03
1.3651640e-03
7.1042495e-03
1.2891505e-02
1.9993000e-02
2.6131196e-02
2.6977810e-02
2.1496417e-02
9.9805577e-03
-3.5137853e-03
-1.1952470e-02
-1.5437343e-02
-1.8412842e-02
-2.1323520e-02
-2.1186017e-02
-1.6919209e-02
-1.0970939e-02
-6.1531530e-03
-4.8631038e-03
-8.9019634e-03
-1.5477044e-02
-1.9515334e-02
-1.9717713e-02
-1.5487794e-02
-6.6331358e-03
1.5145238e-03
4.0347925e-03
3.2640036e-03
3.5819374e-03
5.6599156e-03
6.5072869e-03
4.5077495e-03
2.6156162e-03
5.7785014e-03
1.3278648e-02
1.7463879e-02
1.5696620e-02
1.2176796e-02
9.9329952e-03
7.3363680e-03
1.8705300e-03
-4.4809076e-03
-8.5433255e-03
-9.1526006e-03
-6.8646044e-03
-4.1859619e-03
-2.6015595e-03
-2.0282793e-04
3.7379003e-03
7.3317470e-03
8.8791112e-03
7.6046430e-03
4.9232964e-03
2.3122230e-03
-1.1274745e-03
-5.8828982e-03
-9.7097235e-03
-1.0975698e-02
-1.0147424e-02
-8.5586250e-03
-8.1160317e-03
-8.6612256e-03
-7.3297650e-03
-2.5782171e-03
3.0686850e-03
6.7741579e-03
8.4464695e-03
8.9328952e-03
8.2259979e-03
5.5899558e-03
6.4779609e-04
-4.5614970e-03
-8.0147247e-03
-1.1846623e-02
-1.7351009e-02
-2.1866632e-02
-2.2679944e-02
-1.8767867e-02
-1.1995212e-02
-6.0128574e-03
-3.1597751e-03
-3.9741090e-03
-5.3122951e-03
-1.9726847e-03
6.1501367e-03
1.5691199e-02
2.6436050e-02
3.5615908e-02
3.6259548e-02
2.7738008e-02
1.6253959e-02
7.9717779e-03
5.1256473e-03
5.0346741e-03
3.1968618e-03
-1.2433612e-03
-4.6843301e-03
-4.1081945e-03
-8.1807994e-04
3.6571188e-04
-1.2071576e-03
-8.5939134e-04
3.2637536e-03
9.2659269e-03
1.4474797e-02
1.8861020e-02
2.4385002e-02
2.7946437e-02
2.1957813e-02
8.3169448e-03
-2.0905931e-03
-4.8857159e-03
-3.0062053e-03
-1.8748118e-03
-3.9691193e-03
-7.5934049e-03
-1.1309794e-02
-1.4604984e-02
-1.7496969e-02
-1.9956246e-02
-2.1428218e-02
-2.0513368e-02
-1.6900878e-02
-1.3601036e-02
-1.2860294e-02
-1.3392367e-02
-1.3279505e-02
-1.3233516e-02
-1.6357713e-02
-2.2564388e-02
-2.8506312e-02
-3.1297826e-02
-2.8286150e-02
-1.6585015e-02
-2.9126467e-04
1.1946617e-02
2.0328803e-02
2.6876138e-02
2.9578273e-02
2.8473207e-02
2.5419951e-02
2.2504266e-02
2.0113021e-02
1.6941427e-02
1.3130630e-02
9.4579072e-03
5.8279370e-03
2.9225752e-03
2.5719736e-04
-3.2916352e-03
-5.9197895e-03
-5.9328506e-03
-4.8320836e-03
-5.6810880e-03
-8.5387660e-03
-9.8398596e-03
-7.3627633e-03
-2.5864336e-03
6.2737420e-04
1.8622469e-03
4.0010747e-03
7.8002340e-03
1.1891888e-02
1.3192522e-02
9.3216156e-03
1.4984552e-03
-6.4179859e-03
-1.2894004e-02
-1.9669605e-02
-2.5445909e-02
-2.6347111e-02
-2.2392699e-02
-1.7538517e-02
-1.3930647e-02
-1.0372979e-02
-6.4654054e-03
-2.2173864e-03
2.1616467e-03
3.9249681e-03
1.8013343e-03
-1.3026240e-03
-1.8599838e-03
1.1267071e-03
7.5476855e-03
1.4014958e-02
1.6006662e-02
1.5042211e-02
1.3116018e-02
9.7700228e-03
6.1915323e-03
4.7285011e-03
7.1400592e-03
1.1840163e-02
1.4306646e-02
1.4229122e-02
1.5475313e-02
1.8103776e-02
1.8742963e-02
1.4336361e-02
5.9997295e-03
-6.3893858e-04
-4.6839347e-03
-9.7449099e-03
-1.7040791e-02
-2.3557295e-02
-2.5581327e-02
-2.3913596e-02
-2.0633529e-02
-1.4197424e-02
-4.3417784e-03
4.7269387e-03
1.0153387e-02
1.1904459e-02
1.0336138e-02
6.0922715e-03
3.7678004e-03
7.2033969e-03
1.2489197e-02
1.5004506e-02
1.4545911e-02
1.2777412e-02
1.0788612e-02
7.9673397e-03
2.4761747e-03
-4.9809704e-03
-9.9596756e-03
-9.0547241e-03
-3.7108389e-03
1.9931171e-03
7.1097236e-03
1.3243171e-02
1.9905823e-02
2.2147672e-02
1.3287331e-02
-2.8042461e-03
-1.3405708e-02
-1.6598640e-02
-1.8654986e-02
-2.1935599e-02
-2.5214974e-02
-2.6182479e-02
-2.2776385e-02
-1.3556740e-02
-5.3570297e-04
1.0264887e-02
1.4093721e-02
1.2455842e-02
9.1840268e-03
6.3751878e-03
5.2430081e-03
5.5418057e-03
7.2349297e-03
1.0092218e-02
1.1638498e-02
1.1629579e-02
1.1582878e-02
1.0369291e-02
6.7852072e-03
9.6994975e-04
-6.0228370e-03
-1.1246743e-02
-1.2921887e-02
-1.2951704e-02
-1.3298188e-02
-1.4287656e-02
-1.5317127e-02
-1.5238594e-02
-1.3591558e-02
-1.1054132e-02
-8.8525861e-03
-5.6416547e-03
2.2964604e-04
6.3682844e-03
9.9114343e-03
1.0615789e-02
1.0786873e-02
1.1463848e-02
9.9665235e-03
5.3867900e-03
8.1480617e-04
-1.5324992e-03
-2.5196730e-03
-3.7094426e-03
-5.4399109e-03
-7.4222326e-03
-8.8171055e-03
-7.9715964e-03
-5.0455582e-03
-2.4366974e-03
-1.5009910e-03
-4.3235751e-04
2.6890381e-03
6.5658962e-03
9.2687654e-03
1.0031287e-02
1.0568285e-02
1.2159553e-02
1.1041367e-02
5.7874505e-03
-2.4554994e-04
-4.5572583e-03
-6.2868104e-03
-7.1016680e-03
-9.1201475e-03
-1.1556118e-02
-1.1497715e-02
-8.5272791e-03
-5.6995621e-03
-5.3013960e-03
-6.2577225e-03
-5.3351763e-03
-1.8521861e-03
1.4337650e-03
2.0088877e-03
1.3346213e-03
3.0814052e-03
6.7068908e-03
8.4039449e-03
7.4543849e-03
4.9556693e-03
1.6013510e-03
-9.0497354e-04
-3.1774675e-03
-7.8683241e-03
-1.3932778e-02
-1.8162343e-02
-2.0434731e-02
-2.2665956e-02
-2.6393685e-02
-3.1467875e-02
-3.5566778e-02
-3.6052601e-02
-3.0480664e-02
-1.5057441e-02
8.0620900e-03
2.8539864e-02
4.1892484e-02
4.9217164e-02
5.1126030e-02
4.9346752e-02
4.5093829e-02
3.8388055e-02
2.9285820e-02
1.8532801e-02
7.7763320e-03
-3.8634769e-04
-4.3140718e-03
-6.3902189e-03
-8.3479039e-03
-7.4465404e-03
-2.4854757e-03
5.5167771e-03
1.4710631e-02
2.1043278e-02
2.2982957e-02
2.3750360e-02
2.4737422e-02
2.2938868e-02
1.1491475e-02
-1.0745162e-02
-3.1181989e-02
-4.0383361e-02
-4.0202805e-02
-3.4864205e-02
-2.7028576e-02
-1.8401848e-02
-1.0740767e-02
-4.5159567e-03
2.7429291e-04
3.0249678e-03
3.7967326e-03
4.4452316e-03
7.5145522e-03
1.3632184e-02
2.0667100e-02
2.5328510e-02
2.5318192e-02
2.0331039e-02
1.2013380e-02
2.2623748e-03
-6.2091622e-03
-9.3252016e-03
-6.9700637e-03
-5.5852256e-03
-1.0595405e-02
-1.8434166e-02
-2.1588396e-02
-1.8425877e-02
-1.2803859e-02
-8.4330973e-03
-4.9155025e-03
-3.5453843e-04
2.8898172e-03
3.4525592e-03
4.1346439e-03
4.9964230e-03
5.0395313e-03
4.1093994e-03
1.6657189e-03
3.6155603e-04
1.9816133e-03
4.6520838e-03
6.4765427e-03
6.9012581e-03
7.4056352e-03
9.5212832e-03
1.2773034e-02
1.4846423e-02
1.2276329e-02
5.9346274e-03
1.7010437e-03
1.2154509e-03
4.1447608e-04
-3.5508984e-03
-8.7945718e-03
-1.2806967e-02
-1.6062540e-02
-1.8640193e-02
-1.9788827e-02
-2.0280769e-02
-1.9557581e-02
-1.6485872e-02
-1.3871025e-02
-1.3924495e-02
-1.5086513e-02
-1.5377696e-02
-1.4226519e-02
-1.3155993e-02
-1.4182520e-02
-1.6644316e-02
-1.6924041e-02
-1.2885808e-02
-5.3235682e-03
5.4905699e-03
1.6975015e-02
2.3516021e-02
2.3950140e-02
2.1268883e-02
1.7375150e-02
1.2283039e-02
7.7262753e-03
5.4174837e-03
3.6159241e-03
8.3612503e-04
-2.6336747e-03
-4.9369443e-03
-3.9930634e-03
2.4389722e-04
5.8203508e-03
1.0236825e-02
1.3346359e-02
1.7222411e-02
2.2038411e-02
2.4570476e-02
2.2522402e-02
1.8779183e-02
1.5775495e-02
1.1331322e-02
1.3547806e-03
-1.3320824e-02
-2.4236417e-02
-2.6968536e-02
-2.4442973e-02
-1.9914899e-02
-1.5479107e-02
-1.1599460e-02
-6.4662808e-03
-3.5135627e-04
3.9794237e-03
5.8589749e-03
6.5528813e-03
7.4685081e-03
8.1500156e-03
6.1724481e-03
9.1268661e-04
-5.6211679e-03
-1.0351718e-02
-1.1654782e-02
-1.1615322e-02
-1.2638556e-02
-1.4110733e-02
-1.4200012e-02
-1.2042014e-02
-6.1487471e-03
2.8208141e-03
1.0331702e-02
1.4862769e-02
1.7395670e-02
1.6986627e-02
1.5821366e-02
1.8195503e-02
2.3473277e-02
2.8046834e-02
2.6467244e-02
1.5752256e-02
4.0535662e-04
-1.2830742e-02
-2.0918078e-02
-2.4849349e-02
-2.5182482e-02
-2.0954872e-02
-1.4369679e-02
-9.8807531e-03
-8.7017628e-03
-8.6683317e-03
-6.6106998e-03
-1.1710116e-03
5.6154487e-03
9.4680802e-03
8.0385456e-03
4.0790827e-03
1.0415720e-03
-2.2162916e-04
-1.5234619e-04
8.8817740e-04
5.5187124e-03
1.5491480e-02
2.4800121e-02
2.5802970e-02
1.7493514e-02
6.1660845e-03
-1.2427426e-03
-4.3513038e-03
-5.5042977e-03
-6.0160096e-03
-5.9698651e-03
-4.9698511e-03
-4.1890916e-03
-4.9676306e-03
-7.6504409e-03
-1.0378797e-02
-9.0389535e-03
-2.8056426e-03
4.9142772e-03
1.1645087e-02
1.4973956e-02
1.2070550e-02
4.9129063e-03
-1.1661311e-03
-4.6196616e-03
-7.2331296e-03
-8.7083769e-03
-7.1910626e-03
-3.6577496e-03
-1.2975567e-03
-2.9436100e-04
2.7408818e-03
7.9031158e-03
1.0648462e-02
9.9862020e-03
9.9013398e-03
1.2340571e-02
1.5674090e-02
1.7825877e-02
1.9058151e-02
2.0721787e-02
2.1933300e-02
1.8839941e-02
4.4732183e-03
-1.8090517e-02
-3.3715705e-02
-3.6025771e-02
-2.8797416e-02
-1.7684425e-02
-8.6591679e-03
-4.2812475e-03
-1.7133885e-03
5.8096690e-04
-2.6316830e-04
-3.5456321e-03
-6.7915071e-03
-9.2507139e-03
-1.0458251e-02
-1.2087187e-02
-1.5414353e-02
-1.9220130e-02
-2.2305818e-02
-2.5613080e-02
-2.9988428e-02
-3.4317379e-02
-3.6286380e-02
-3.2666338e-02
-2.2060950e-02
-4.1886111e-03
1.7560553e-02
3.4871484e-02
4.5317312e-02
5.0818154e-02
5.0876567e-02
4.5019644e-02
3.4911636e-02
2.3282435e-02
1.1206393e-02
-1.1628716e-04
-7.9916630e-03
-1.0137646e-02
-7.3800359e-03
-4.2283291e-03
-3.2067188e-03
-3.7583805e-03
-6.0541437e-03
-8.7414426e-03
-9.2181318e-03
-8.3041338e-03
-7.7732275e-03
-6.4426032e-03
-4.4337944e-03
-4.0675788e-03
-7.0736440e-03
-1.0735623e-02
-7.5856237e-03
2.5397854e-03
1.1737854e-02
1.5555722e-02
1.5882930e-02
1.6183868e-02
1.7707663e-02
1.8210604e-02
1.4983913e-02
9.7338760e-03
5.3769456e-03
2.7284988e-03
-2.7068718e-04
-6.1802816e-03
-1.2876840e-02
-1.6722098e-02
-1.8021312e-02
-1.7957561e-02
-1.5237238e-02
-1.0935514e-02
-7.4722867e-03
-3.5658340e-03
1.1247239e-03
1.8370622e-03
-2.9883470e-03
-6.6380951e-03
-4.6800203e-03
6.7424493e-04
5.5212976e-03
8.2073633e-03
9.2161766e-03
8.8582278e-03
7.4125832e-03
5.5201659e-03
3.1047394e-03
-2.4164786e-04
-1.9916288e-03
-1.6610355e-03
-2.4716059e-03
-5.3308795e-03
-8.0260500e-03
-8.6446482e-03
-8.4034424e-03
-9.1276202e-03
-1.1876313e-02
-1.5868429e-02
-1.8339895e-02
-1.7289315e-02
-1.1701596e-02
-4.7829650e-03
-2.3255971e-03
-4.2161801e-03
-6.6452423e-03
-1.0085251e-02
-1.6615265e-02
-2.2604430e-02
-2.4036938e-02
-2.1274663e-02
-1.6479009e-02
-1.1575230e-02
-4.5152258e-03
6.1492570e-03
1.6099772e-02
2.0873311e-02
2.0624593e-02
1.7789954e-02
1.3803074e-02
8.5602942e-03
8.9710419e-04
-8.1296520e-03
-1.5062330e-02
-1.7590190e-02
-1.3822855e-02
-9.8852960e-04
1.6204401e-02
2.6731634e-02
2.9305319e-02
2.9011088e-02
2.7944898e-02
2.6043716e-02
2.3975354e-02
2.2982778e-02
2.1882732e-02
1.9909137e-02
1.8054536e-02
1.6397152e-02
1.4166626e-02
1.1527568e-02
9.0221442e-03
6.1723022e-03
3.4844832e-03
3.0572772e-03
4.6076618e-03
6.6054784e-03
8.6479586e-03
1.0931255e-02
1.3648278e-02
1.4304313e-02
6.5992058e-03
-9.0752873e-03
-2.0796892e-02
-2.2086946e-02
-1.7625467e-02
-1.2778647e-02
-9.5222427e-03
-8.2985430e-03
-7.7268012e-03
-6.7946836e-03
-8.2715747e-03
-1.3278762e-02
-1.7876937e-02
-1.8699796e-02
-1.7141815e-02
-1.6316952e-02
-1.6684165e-02
-1.6209048e-02
-1.3168929e-02
-8.9591590e-03
-6.7594673e-03
-8.1635434e-03
-1.0570149e-02
-8.6693379e-03
-2.6710548e-03
4.7051688e-03
1.2305350e-02
1.7524593e-02
1.9883965e-02
1.9857063e-02
1.6031949e-02
8.0820480e-03
-1.0187305e-03
-6.6451571e-03
-6.9278549e-03
-4.3963674e-03
-2.6016330e-03
-2.2997041e-03
-2.2007485e-03
-1.6814092e-03
-7.1770088e-04
7.5481239e-04
2.7220903e-03
5.4324993e-03
8.2955654e-03
9.2498747e-03
6.9952377e-03
3.3409352e-03
1.3176218e-03
1.3126041e-03
2.5044040e-03
4.4565510e-03
6.2235553e-03
7.7250810e-03
9.1544909e-03
1.0516955e-02
1.2129470e-02
1.4034055e-02
1.6821546e-02
2.0591711e-02
2.2961151e-02
2.2341789e-02
2.0052300e-02
1.5808858e-02
8.6322691e-03
-2.7907976e-04
-1.0318493e-02
-1.9893440e-02
-2.4631420e-02
-2.2714146e-02
-1.6064323e-02
-6.4840369e-03
2.8336104e-03
8.6040396e-03
1.0274797e-02
3.5496779e-03
-1.0440932e-02
-1.9287652e-02
-1.9075446e-02
-1.4806285e-02
-1.1281475e-02
-1.1078321e-02
-1.1792292e-02
-1.1145233e-02
-9.9621194e-03
-9.6087252e-03
-1.0554286e-02
-1.1424548e-02
-9.9929384e-03
-5.6786426e-03
-6.4730833e-04
3.0145700e-03
6.9713263e-03
1.2646263e-02
1.8839562e-02
2.3217199e-02
2.3276590e-02
2.0194503e-02
1.7751759e-02
1.6545624e-02
1.2765664e-02
5.4887157e-03
-1.2872393e-03
-4.7535443e-03
-5.8079640e-03
-6.5885255e-03
-7.1272063e-03
-7.7904675e-03
-9.5119527e-03
-1.1333678e-02
-1.1878260e-02
-1.0942629e-02
-8.7468337e-03
-6.1563966e-03
-3.3715246e-03
-3.0450032e-04
1.7124875e-03
3.0585653e-03
6.2426077e-03
1.1897789e-02
1.7401973e-02
2.0568093e-02
2.1184833e-02
1.8739274e-02
1.3250641e-02
3.8011179e-03
-9.2410617e-03
-1.8853893e-02
-2.0657067e-02
-1.7122990e-02
-1.2943051e-02
-1.1445628e-02
-1.0814462e-02
-8.5512475e-03
-5.0275758e-03
-1.2124492e-03
2.2624091e-03
5.1222082e-03
7.2295884e-03
8.1949548e-03
7.0771171e-03
4.0620837e-03
3.2947309e-04
-3.4124190e-03
-5.6505630e-03
-7.3322659e-03
-1.0890109e-02
-1.4571640e-02
-1.5185041e-02
-1.2145316e-02
-7.1866076e-03
-2.5666891e-03
1.1415461e-03
4.6386056e-03
8.5030077e-03
1.2338226e-02
1.4141005e-02
1.3778062e-02
1.3355107e-02
1.2515452e-02
8.4162988e-03
3.5167842e-04
-9.2058149e-03
-1.6837512e-02
-2.0786572e-02
-2.2166999e-02
-2.1846688e-02
-1.9980656e-02
-1.5336585e-02
-7.2534052e-03
1.2819619e-04
3.1985079e-03
4.7833599e-03
8.0297949e-03
1.1259863e-02
1.3156741e-02
1.3374189e-02
1.2303478e-02
1.0630761e-02
7.1829500e-03
2.0298813e-03
-3.5541554e-03
-8.2903775e-03
-1.0820768e-02
-1.1226509e-02
-1.0333370e-02
-9.4396371e-03
-8.5027850e-03
-4.8359747e-03
1.5255107e-03
6.7498945e-03
8.6688789e-03
8.7061750e-03
9.9247885e-03
1.2447034e-02
1.3321842e-02
1.1819503e-02
9.1781615e-03
5.6247861e-03
1.1894783e-03
-3.1118372e-03
-7.2317021e-03
-1.0891890e-02
-1.2039979e-02
-1.0537028e-02
-8.8784395e-03
-7.8824470e-03
-5.8443538e-03
-1.5200425e-03
4.4183458e-03
9.1562160e-03
1.1365511e-02
1.1741167e-02
1.0852170e-02
1.0146930e-02
7.7754624e-03
1.8225251e-03
-4.0744799e-03
-7.7427745e-03
-1.0907103e-02
-1.4899009e-02
-1.8248448e-02
-1.9229348e-02
-1.8174905e-02
-1.4270711e-02
-6.6312324e-03
2.2545444e-03
8.9323351e-03
1.3463340e-02
1.6880989e-02
1.7756053e-02
1.6131437e-02
1.3586698e-02
1.0977782e-02
8.1103371e-03
4.6845378e-03
5.9241616e-04
-5.0735183e-03
-1.0514889e-02
-1.2385062e-02
-1.1755310e-02
-1.2399637e-02
-1.4126144e-02
-1.3199041e-02
-8.8235236e-03
-4.3513570e-03
-2.4018942e-03
-1.3859372e-03
7.3184953e-04
4.1879864e-03
9.5457182e-03
1.4341065e-02
1.5090291e-02
1.3724543e-02
1.1574159e-02
6.6615176e-03
1.1577268e-05
-5.6593772e-03
-8.8160459e-03
-9.0782439e-03
-7.8132447e-03
-6.8596693e-03
-6.0584008e-03
-2.6531792e-03
3.8037223e-03
9.8355413e-03
1.4090027e-02
1.7458325e-02
2.0702166e-02
2.3762231e-02
2.4164244e-02
2.0496806e-02
1.4821423e-02
8.6895883e-03
2.4366464e-03
-4.2802690e-03
-1.1867969e-02
-1.7931606e-02
-2.0277105e-02
-2.0043526e-02
-1.9015903e-02
-1.7190263e-02
-1.4156582e-02
-8.8663662e-03
5.9782698e-05
1.1025782e-02
1.8963170e-02
1.9975083e-02
1.5312279e-02
8.0243944e-03
-4.6093616e-04
-9.2754290e-03
-1.6156270e-02
-1.8528707e-02
-1.6431741e-02
-1.3040017e-02
-1.1986812e-02
-1.3578314e-02
-1.5085677e-02
-1.4449527e-02
-1.1594045e-02
-8.7082486e-03
-6.3794344e-03
-1.3919729e-03
7.0778978e-03
1.6065444e-02
2.2425833e-02
2.4706806e-02
2.2980985e-02
1.7975045e-02
1.0278223e-02
1.0977891e-03
-6.0879412e-03
-8.7256388e-03
-8.8821478e-03
-9.9863612e-03
-1.1954820e-02
-1.2505987e-02
-1.0231029e-02
-5.8133575e-03
-1.9330557e-03
-4.5092967e-04
3.6086837e-04
3.8188344e-03
9.4733049e-03
1.3722971e-02
1.4397915e-02
1.2497811e-02
1.0098579e-02
6.2954207e-03
4.4966263e-04
-5.8433644e-03
-1.2090273e-02
-1.7045653e-02
-1.9585021e-02
-1.9971668e-02
-1.8149218e-02
-1.4916815e-02
-1.0715390e-02
-5.1764739e-03
2.5393968e-03
1.2811581e-02
2.4523728e-02
3.8468516e-02
5.5329754e-02
7.1557184e-02
8.3314234e-02
9.1144478e-02
9.3625081e-02
8.2039303e-02
4.5136312e-02
-7.6740183e-03
-4.7317876e-02
-6.4047018e-02
-6.6404070e-02
-6.2566631e-02
-5.6810761e-02
-5.0071239e-02
-4.3487006e-02
-3.6985215e-02
-3.0132208e-02
-2.3618596e-02
-1.8030498e-02
-1.3702387e-02
-1.2033569e-02
-1.6249927e-02
-2.9260525e-02
-4.7785110e-02
-6.5567657e-02
-8.2015212e-02
-9.8254631e-02
-1.1214017e-01
-1.2072036e-01
-1.1924434e-01
-1.0030201e-01
-5.1034420e-02
1.7530829e-02
6.5087392e-02
8.1548410e-02
8.3118328e-02
7.7769570e-02
6.9089702e-02
6.1146323e-02
5.7049209e-02
5.5733483e-02
5.4659400e-02
5.3324142e-02
5.3785295e-02
5.5679874e-02
5.5485189e-02
5.2657114e-02
4.6994025e-02
3.8493262e-02
3.0678442e-02
2.4617917e-02
1.7590374e-02
1.0180043e-02
8.5500575e-03
1.5500659e-02
2.2967047e-02
2.1954334e-02
1.2699635e-02
2.1402900e-04
-1.1946108e-02
-2.2256522e-02
-2.8877691e-02
-2.9907503e-02
-2.6638022e-02
-2.1753300e-02
-1.7556860e-02
-1.7917405e-02
-2.4592726e-02
-3.2487560e-02
-3.4875917e-02
-3.1099171e-02
-2.3080826e-02
-1.1910354e-02
1.4833424e-03
1.6133450e-02
2.8653606e-02
3.6604662e-02
4.2358232e-02
4.9313361e-02
5.6823839e-02
5.6732186e-02
3.7349297e-02
3.5918176e-03
-2.3198921e-02
-3.4767819e-02
-3.9582305e-02
-4.5278202e-02
-5.1302606e-02
-5.3401123e-02
-5.0002413e-02
-4.2562202e-02
-3.2882538e-02
-2.2127273e-02
-1.1056676e-02
1.1704747e-03
1.5325955e-02
3.0074087e-02
4.2845642e-02
5.1132262e-02
5.2419889e-02
4.6997936e-02
3.8620734e-02
2.9846194e-02
2.3194283e-02
1.9357977e-02
1.3304509e-02
-7.5747344e-04
-1.9550813e-02
-3.2831588e-02
-3.8468752e-02
-4.2081888e-02
-4.7609265e-02
-5.4461485e-02
-5.8309289e-02
-5.7089172e-02
-5.2574032e-02
-4.5727792e-02
-3.6181407e-02
-2.1489227e-02
-1.2480346e-03
1.9335937e-02
3.6912963e-02
5.0973198e-02
6.0028491e-02
6.3624099e-02
6.1146223e-02
5.0272165e-02
3.3415131e-02
1.7036209e-02
3.8157347e-03
-8.1882998e-03
-2.2266748e-02
-3.5442711e-02
-3.9770974e-02
-3.3360946e-02
-2.1335887e-02
-1.0757320e-02
-3.4148495e-03
4.1452868e-03
1.2167683e-02
1.7432221e-02
1.9762310e-02
2.1936912e-02
2.4233829e-02
2.5614369e-02
2.4811051e-02
2.0387594e-02
1.2877865e-02
4.7916480e-03
-2.1459091e-03
-1.1229994e-02
-2.4075260e-02
-3.6007637e-02
-4.2602780e-02
-4.2934893e-02
-3.8836717e-02
-2.9405527e-02
-1.5717421e-02
-4.3557341e-03
3.2155525e-03
9.1944435e-03
1.3240308e-02
1.4680115e-02
1.5995651e-02
1.8536003e-02
1.8826292e-02
1.5268138e-02
9.5741366e-03
3.6419905e-03
-7.4527482e-04
-2.6538726e-03
-2.7963187e-03
-1.4501166e-03
3.1093943e-03
1.0631065e-02
1.8185987e-02
2.4327718e-02
3.0462607e-02
3.7782764e-02
4.3446738e-02
4.1323455e-02
2.5605126e-02
1.9784785e-03
-1.3809011e-02
-1.9089940e-02
-2.2443987e-02
-2.7184545e-02
-3.1458141e-02
-3.3031022e-02
-3.3156296e-02
-3.4300901e-02
-3.5138004e-02
-3.3214291e-02
-2.9209093e-02
-2.4565670e-02
-1.8829741e-02
-1.1509171e-02
-3.6554737e-03
3.9739023e-03
1.2125627e-02
1.9679895e-02
2.2956199e-02
2.1251779e-02
1.7475881e-02
1.3466881e-02
9.8322631e-03
9.4691216e-03
1.2315116e-02
1.2808590e-02
1.0062979e-02
6.4463592e-03
1.5818892e-03
-3.3559886e-03
-5.2160815e-03
-3.5624869e-03
-1.0993979e-03
5.2150310e-04
2.7622836e-03
6.5952882e-03
1.0239506e-02
1.1251877e-02
9.1452978e-03
5.6542709e-03
2.2136649e-03
-2.2950478e-03
-9.6230441e-03
-1.8216929e-02
-2.4122635e-02
-2.4823236e-02
-2.2061279e-02
-1.8672706e-02
-1.3042529e-02
-3.9776861e-03
4.9060965e-03
1.1250265e-02
1.5350728e-02
1.7453038e-02
1.8832989e-02
2.0526757e-02
2.1380965e-02
1.9173292e-02
1.3295272e-02
5.8477664e-03
8.5415937e-05
-3.4230702e-03
-7.2544591e-03
-1.1703746e-02
-1.3875008e-02
-1.2532834e-02
-1.0671756e-02
-1.0349823e-02
-1.0279243e-02
-8.6400903e-03
-4.7164442e-03
-7.3282670e-04
1.0119854e-03
2.1478761e-03
5.6347577e-03
9.3879220e-03
9.7754816e-03
7.0494993e-03
2.3381990e-03
-2.5488790e-03
-5.6234530e-03
-6.9517152e-03
-8.5647271e-03
-1.0832188e-02
-1.0510944e-02
-6.3286335e-03
-1.0926261e-03
2.9644962e-03
6.6263296e-03
1.1166102e-02
1.5966402e-02
1.8580042e-02
1.6992900e-02
1.3229138e-02
1.1575877e-02
1.1145389e-02
7.8281770e-03
1.8553853e-03
-5.4796007e-03
-1.1016913e-02
-1.0280510e-02
-5.1543496e-03
-3.3138108e-04
1.7525908e-03
1.7376345e-03
5.2451963e-04
-4.0276305e-03
-1.1641294e-02
-1.7600582e-02
-1.8596150e-02
-1.5159689e-02
-1.0987035e-02
-8.1333839e-03
-5.1913375e-03
-1.1600779e-03
3.3886882e-03
6.2836274e-03
5.8537878e-03
2.2244308e-03
-3.5766851e-03
-1.0500152e-02
-1.7887677e-02
-2.2959280e-02
-2.0642396e-02
-1.2062812e-02
-5.0139048e-03
-2.3431838e-03
-5.9562224e-04
2.3730840e-03
5.3559002e-03
7.6444163e-03
8.3894410e-03
7.0578116e-03
5.8232280e-03
5.7727967e-03
6.4340113e-03
6.8741197e-03
6.6611411e-03
8.0291321e-03
1.2683698e-02
1.7623623e-02
1.8353931e-02
1.4305067e-02
7.3983491e-03
1.7974570e-04
-4.3292875e-03
-5.8963648e-03
-7.3475209e-03
-1.0276268e-02
-1.2472955e-02
-1.1963803e-02
-1.1442935e-02
-1.3322529e-02
-1.4860321e-02
-1.2534449e-02
-7.4812372e-03
-3.4575245e-03
-1.0193563e-03
2.2065417e-03
6.9110012e-03
1.0750168e-02
1.1699399e-02
1.1748356e-02
1.2551478e-02
1.2412495e-02
1.1175318e-02
8.6568265e-03
3.4317715e-03
-2.4149500e-03
-5.8116047e-03
-7.9460860e-03
-1.1395044e-02
-1.4845268e-02
-1.5034600e-02
-1.1326574e-02
-6.5708858e-03
-3.0705562e-03
-2.0613480e-04
2.8764388e-03
6.1956635e-03
9.3744853e-03
1.1668856e-02
1.2355155e-02
1.2898028e-02
1.5111353e-02
1.6597389e-02
1.3682335e-02
7.4513598e-03
2.1433227e-03
-7.4274973e-04
-3.5003718e-03
-7.5991350e-03
-1.1252369e-02
-1.2582255e-02
-1.1383752e-02
-8.6383181e-03
-6.0462902e-03
-5.0113852e-03
-3.8687646e-03
-5.2073381e-04
2.2065285e-03
1.9164412e-03
4.1522541e-04
6.8468834e-05
2.1297114e-03
5.6315498e-03
8.4884499e-03
1.0046347e-02
1.0353640e-02
9.5990467e-03
8.4475017e-03
6.0177330e-03
1.3978738e-03
-3.4114423e-03
-5.2342665e-03
-3.4665252e-03
-7.9817701e-04
1.9795642e-03
5.5908883e-03
9.3130433e-03
1.2155727e-02
1.2666430e-02
1.0803518e-02
5.9159578e-03
-8.8014988e-04
-4.1719363e-03
-3.1273876e-03
-7.2110033e-04
2.3373559e-03
6.6659186e-03
1.0648207e-02
1.0993556e-02
6.5020992e-03
-9.5612860e-04
-7.6851230e-03
-1.2634260e-02
-1.7712293e-02
-2.2626680e-02
-2.4510476e-02
-2.2014599e-02
-1.6741006e-02
-1.1119370e-02
-6.5727289e-03
-2.4711591e-03
1.2376117e-03
2.3759641e-03
4.7217819e-04
-1.5525150e-03
-5.8624563e-07
5.0794611e-03
9.7451870e-03
1.1990290e-02
1.2138807e-02
1.0474109e-02
7.8748787e-03
4.2784013e-03
-9.1106520e-04
-6.0975935e-03
-9.0179236e-03
-1.0648066e-02
-1.3483430e-02
-1.6104309e-02
-1.4455803e-02
-8.5597351e-03
-1.9773043e-03
2.8576796e-03
5.2874331e-03
6.8423224e-03
9.0471565e-03
1.1955377e-02
1.5064837e-02
1.6600139e-02
1.5099114e-02
1.1258342e-02
6.2664058e-03
6.1295011e-04
-4.5914491e-03
-7.7627278e-03
-8.8929307e-03
-9.3430972e-03
-1.0566180e-02
-1.2406437e-02
-1.2597324e-02
-9.9396301e-03
-6.7987629e-03
-6.1152036e-03
-6.8172870e-03
-6.0499886e-03
-4.5246244e-03
-4.9057952e-03
-6.2172258e-03
-6.5269969e-03
-6.3416896e-03
-5.4241247e-03
-3.3903925e-03
-1.2212495e-03
