-2.8339476e-02
9.0097415e-02
2.1128999e-01
2.5632877e-01
1.6673670e-01
4.5517097e-02
-1.6383458e-02
-3.2824198e-02
-4.4603213e-02
-4.9303009e-02
4.7932085e-03
1.4131374e-01
2.9047303e-01
3.1062724e-01
1.9555748e-01
9.1437706e-02
6.9788586e-02
7.7129909e-02
3.1185363e-02
-5.4685258e-02
-1.0083906e-01
-7.7918810e-02
-5.0324194e-03
4.3855570e-02
1.7093947e-02
-3.1141123e-02
-5.3975822e-02
-6.4117395e-02
-7.6343432e-02
-8.7183305e-02
-9.0595571e-02
-8.7988883e-02
-7.9852040e-02
-6.5890038e-02
-4.4276341e-02
-1.3118913e-02
2.8032326e-02
5.2186695e-02
2.5535899e-02
-2.9002681e-02
-7.1842524e-02
-8.9562594e-02
-8.2906307e-02
-6.7676902e-02
-4.6454535e-02
3.7576876e-03
9.5520239e-02
1.9422075e-01
2.6707442e-01
2.7265992e-01
1.7197917e-01
4.3983580e-02
-4.0600860e-02
-9.3316938e-02
-1.1931006e-01
-1.1537056e-01
-8.4291395e-02
-4.9862522e-02
-4.5226469e-02
-6.8694805e-02
-8.8417288e-02
-9.3031199e-02
-1.0358692e-01
-1.2791313e-01
-1.3394158e-01
-9.5369098e-02
-6.3341093e-03
9.0381906e-02
1.1257587e-01
7.5258208e-02
7.2700190e-02
1.4222413e-01
2.0809893e-01
1.5815638e-01
2.2025333e-02
-7.4808027e-02
-8.0737884e-02
-7.2212031e-02
-1.4131356e-01
-2.3137192e-01
-2.4115756e-01
-1.4400804e-01
5.7914878e-03
9.8147532e-02
1.3541689e-01
2.3508353e-01
3.9357756e-01
4.7118755e-01
3.8661127e-01
2.0955521e-01
7.3922457e-02
3.5341952e-02
1.1836332e-02
-8.4316348e-02
-1.9240861e-01
-2.4425627e-01
-2.4938208e-01
-2.2463413e-01
-1.8283024e-01
-1.2671030e-01
-5.7505734e-02
2.2619539e-02
7.2241316e-02
5.4114464e-02
1.6092487e-02
-4.6111130e-05
1.3448875e-03
1.4806786e-03
-2.1569084e-02
-5.7695505e-02
-8.5956197e-02
-9.9791833e-02
-1.2126258e-01
-1.6746862e-01
-2.0322225e-01
-1.9654860e-01
-1.3988434e-01
-7.7369532e-02
-5.2417555e-02
4.6145665e-03
1.6446642e-01
3.5661160e-01
4.4459219e-01
4.2769514e-01
3.6778033e-01
2.9156091e-01
2.3542904e-01
1.4453568e-01
-1.1940683e-02
-1.4268547e-01
-1.9897263e-01
-1.9525257e-01
-1.7994497e-01
-1.9485524e-01
-2.1095845e-01
-1.9960512e-01
-1.6695967e-01
-1.3419706e-01
-1.2393320e-01
-1.2176905e-01
-9.8644011e-02
-4.6558493e-02
2.9024140e-03
2.9772346e-02
7.9414547e-02
1.9342116e-01
3.2619287e-01
3.5386343e-01
2.5422085e-01
1.4683023e-01
1.0988138e-01
1.0827542e-01
5.5515671e-02
-5.4513699e-02
-1.5288949e-01
-2.0997387e-01
-2.3449423e-01
-2.4356145e-01
-2.4611465e-01
-2.2891916e-01
-1.7803163e-01
-9.1601539e-02
-1.9244903e-02
-4.3207788e-03
1.6298829e-02
1.0828865e-01
2.1489129e-01
1.9123140e-01
2.7309553e-02
-1.2184052e-01
-1.6582608e-01
-1.0524068e-01
-1.8343852e-02
3.6082621e-02
1.0177325e-01
2.0894362e-01
3.3129313e-01
3.5862646e-01
2.5104766e-01
1.3248285e-01
9.7091433e-02
9.0091172e-02
5.2928822e-03
-1.3339787e-01
-2.2831500e-01
-2.4943272e-01
-2.2219379e-01
-1.9903536e-01
-1.9866403e-01
-1.7028161e-01
-7.9910273e-02
1.2940455e-02
1.6180560e-02
-4.2307497e-02
-5.6299150e-02
2.1591792e-02
1.3790208e-01
1.7728838e-01
1.4164276e-01
1.2125192e-01
1.4630863e-01
1.8870809e-01
1.5354061e-01
3.1367556e-02
-5.8004946e-02
-5.5885818e-02
1.1735064e-02
3.9461475e-02
-4.2190195e-02
-1.4091911e-01
-1.7838136e-01
-1.5943036e-01
-1.1248312e-01
-6.4042863e-02
2.5032504e-03
1.0439720e-01
2.0183420e-01
2.0192498e-01
8.9700819e-02
-3.1841143e-02
-1.0175656e-01
-1.3755821e-01
-1.6710239e-01
-1.8863088e-01
-1.8038347e-01
-1.3221450e-01
-4.5620856e-02
8.2073920e-03
-2.3539869e-02
-5.3436483e-02
-4.9965372e-03
8.6907020e-02
1.2108421e-01
7.3525770e-02
5.2025743e-02
1.3895087e-01
2.6951576e-01
2.8521559e-01
1.6905606e-01
6.0054791e-02
4.4259880e-02
9.0761208e-02
7.6099626e-02
-4.7827319e-02
-1.7260678e-01
-2.2811399e-01
-2.3085501e-01
-2.1572628e-01
-1.9788389e-01
-1.7752207e-01
-1.6103986e-01
-1.3147878e-01
-1.0570089e-01
-9.4157042e-02
-2.9519182e-02
1.3699542e-01
3.2874487e-01
3.9245454e-01
3.0790978e-01
2.0581054e-01
1.9040698e-01
2.1143203e-01
1.2113699e-01
-7.8740591e-02
-2.4879918e-01
-3.2450730e-01
-3.4201335e-01
-3.4669516e-01
-3.1571566e-01
-1.9964452e-01
1.6699014e-02
2.5687953e-01
3.6356283e-01
3.1531235e-01
2.5498613e-01
2.8558750e-01
3.4668054e-01
2.8738886e-01
1.0591967e-01
-6.6605132e-02
-1.7026277e-01
-2.2033328e-01
-2.5720031e-01
-3.0658217e-01
-3.4881696e-01
-3.6524929e-01
-3.5439525e-01
-3.1584393e-01
-2.4059611e-01
-1.0689941e-01
1.0284561e-01
3.2602233e-01
4.1929285e-01
3.6472469e-01
2.8788533e-01
2.7805898e-01
3.0146209e-01
2.2482504e-01
3.4702311e-02
-1.3052530e-01
-1.9967288e-01
-1.9160909e-01
-1.8069216e-01
-2.1650308e-01
-2.3833833e-01
-1.8643791e-01
-6.5532211e-02
3.0770884e-02
3.2902444e-02
4.0242854e-02
1.4370281e-01
2.9295981e-01
3.5435688e-01
2.5488989e-01
8.3390990e-02
-3.4980098e-02
-6.2937938e-02
-6.9447065e-02
-1.2578488e-01
-1.8169653e-01
-1.7593720e-01
-1.1222764e-01
-5.7775735e-02
-7.1520987e-02
-9.1148224e-02
-5.2670698e-02
4.0865700e-02
1.1326184e-01
9.8155780e-02
7.3974814e-02
1.1787129e-01
2.0372601e-01
2.1894122e-01
1.0090688e-01
-4.4494755e-02
-1.3216375e-01
-1.7078285e-01
-2.0318349e-01
-2.5612653e-01
-2.9066726e-01
-2.7211444e-01
-1.9877119e-01
-1.3120474e-01
-1.2041512e-01
-8.4769929e-02
5.8402699e-02
2.5980427e-01
3.8091921e-01
3.3661940e-01
2.0690275e-01
1.5553927e-01
2.1542639e-01
2.5813651e-01
1.7045301e-01
-2.3841927e-03
-1.1739381e-01
-1.5128862e-01
-2.0819089e-01
-3.1283984e-01
-3.7399112e-01
-3.2631479e-01
-1.7563071e-01
-1.4699497e-02
3.2984435e-02
9.1747163e-03
7.5081256e-02
2.3761232e-01
3.4922642e-01
3.2303639e-01
2.2859836e-01
2.1980926e-01
2.9912919e-01
3.0139430e-01
1.6395133e-01
-8.4059373e-03
-9.7626574e-02
-8.2299626e-02
-6.9949018e-02
-1.5138570e-01
-2.5741158e-01
-3.1314729e-01
-3.1656333e-01
-2.9509949e-01
-2.7645413e-01
-2.3687065e-01
-1.4682808e-01
-1.6335826e-04
1.3030472e-01
1.5059660e-01
1.2605659e-01
1.7172276e-01
2.7977798e-01
3.3381051e-01
2.3919232e-01
5.5687371e-02
-8.2818494e-02
-1.1564160e-01
-9.2934215e-02
-7.7381671e-02
-9.2797151e-02
-1.4980073e-01
-1.8188062e-01
-1.7233933e-01
-1.6804764e-01
-1.1996307e-01
2.7936587e-02
2.3980924e-01
3.9328116e-01
3.7364357e-01
2.2485047e-01
9.7756345e-02
5.1731754e-02
4.6075695e-02
1.0319184e-02
-7.5836983e-02
-1.4139222e-01
-1.4124711e-01
-1.3148987e-01
-1.7967032e-01
-2.5241047e-01
-2.8925188e-01
-2.7597064e-01
-2.2903069e-01
-1.7461506e-01
-9.3942510e-02
5.9950125e-02
2.6841996e-01
4.2481270e-01
4.2992765e-01
3.2696190e-01
2.6755153e-01
2.9631364e-01
2.9633610e-01
1.6166599e-01
-5.1636645e-02
-2.2587746e-01
-3.2433831e-01
-3.6393282e-01
-3.6993524e-01
-3.4910260e-01
-2.8953672e-01
-1.8096742e-01
-7.4104476e-02
-5.4292638e-02
-8.7953009e-02
-6.6586078e-02
6.0267588e-02
2.3947021e-01
3.5069808e-01
3.4424913e-01
2.9641039e-01
3.1457287e-01
3.5715801e-01
2.7351069e-01
7.3757437e-02
-8.9055075e-02
-1.4591693e-01
-1.2420702e-01
-1.0444024e-01
-1.4446979e-01
-1.9570388e-01
-2.2236804e-01
-2.4784763e-01
-2.8283407e-01
-3.1136184e-01
-3.0600493e-01
-2.4623411e-01
-1.3625339e-01
-2.7330232e-02
6.0794146e-02
1.9956910e-01
3.8265550e-01
4.8259704e-01
4.2673587e-01
2.6049426e-01
1.1141919e-01
9.0412545e-02
1.4395674e-01
1.0408735e-01
-4.4263329e-02
-1.6124010e-01
-1.7666331e-01
-1.5918230e-01
-1.8923303e-01
-2.2011398e-01
-1.7806432e-01
-5.1607559e-02
1.1524328e-01
1.9874670e-01
1.5554293e-01
1.0857853e-01
1.4473795e-01
2.0051802e-01
1.5731732e-01
2.2107349e-02
-9.7962965e-02
-1.6154511e-01
-1.8100521e-01
-1.9415081e-01
-2.3073377e-01
-2.6079098e-01
-2.5672100e-01
-2.1800761e-01
-1.6915325e-01
-1.2908418e-01
-5.1715616e-02
1.0862240e-01
2.9253374e-01
3.5657345e-01
2.9260007e-01
2.5393417e-01
3.0560658e-01
3.4626256e-01
2.3760994e-01
1.0854330e-03
-2.1399354e-01
-3.3788950e-01
-3.7831440e-01
-3.7725204e-01
-3.6998048e-01
-3.1877727e-01
-1.8239108e-01
-5.5884686e-03
1.3136993e-01
1.8268596e-01
1.7737982e-01
2.2877455e-01
3.2841905e-01
3.2803513e-01
2.2442570e-01
1.6430849e-01
2.1998481e-01
3.0205066e-01
2.5366645e-01
6.8624926e-02
-1.1309446e-01
-2.2295226e-01
-2.8154684e-01
-3.1963113e-01
-3.4386839e-01
-3.4383056e-01
-3.1660793e-01
-2.8100439e-01
-2.5646995e-01
-2.1820262e-01
-1.2679767e-01
3.5519216e-02
2.0536723e-01
2.4187723e-01
1.5457549e-01
1.1241240e-01
2.0094581e-01
3.4886909e-01
4.0988441e-01
3.2513360e-01
1.9019296e-01
1.3196409e-01
1.3539346e-01
6.2413822e-02
-1.1538362e-01
-2.8395707e-01
-3.7535463e-01
-3.9944553e-01
-3.9363252e-01
-3.7754743e-01
-3.1152169e-01
-1.5865914e-01
5.8517880e-02
2.3929611e-01
2.9519488e-01
2.9151835e-01
3.5404778e-01
4.5349569e-01
4.4082059e-01
2.5229334e-01
-2.3001733e-02
-2.4778302e-01
-3.7438763e-01
-4.2338926e-01
-3.9727224e-01
-2.8337354e-01
-8.4812052e-02
1.2224720e-01
2.0675771e-01
1.3645700e-01
1.3519706e-02
-5.9532923e-02
-8.7799876e-02
-1.4576982e-01
-2.4308292e-01
-2.9679122e-01
-2.2558751e-01
-6.0755246e-02
7.2960623e-02
1.1786562e-01
1.2316638e-01
1.4487316e-01
1.7811715e-01
1.9176871e-01
1.8960834e-01
2.0294864e-01
2.4165861e-01
2.7689702e-01
2.7859793e-01
2.2669152e-01
1.7253606e-01
1.8223562e-01
1.9976379e-01
1.5948302e-01
5.7893216e-02
-5.4787967e-02
-1.2125436e-01
-1.7821251e-01
-2.6500795e-01
-3.3826156e-01
-3.5267795e-01
-3.0515298e-01
-2.0984130e-01
-1.4600035e-01
-1.8650600e-01
-2.6521068e-01
-3.0502411e-01
-2.9967474e-01
-2.7483050e-01
-2.3305797e-01
-1.1096461e-01
1.2026184e-01
3.7610640e-01
5.3993358e-01
5.7549140e-01
5.4855573e-01
5.3443377e-01
5.0278101e-01
3.7768875e-01
1.2835111e-01
-1.8537338e-01
-4.3567280e-01
-5.6439480e-01
-5.9194553e-01
-5.2506718e-01
-3.4575509e-01
-8.8368328e-02
1.3342551e-01
2.3495331e-01
2.2789026e-01
1.9856480e-01
2.3949889e-01
3.0824300e-01
2.7126367e-01
1.3882967e-01
4.3355974e-02
3.3562220e-02
2.1523608e-02
-6.8636045e-02
-1.6723025e-01
-1.8869703e-01
-1.2320527e-01
-2.2445833e-02
3.7341813e-03
-6.5618443e-02
-1.3377364e-01
-1.4376683e-01
-1.0823159e-01
-8.6413891e-02
-1.1094349e-01
-1.2118306e-01
-7.3814329e-02
-2.3645514e-03
3.1516172e-02
3.1983129e-02
7.9007257e-02
2.1976910e-01
3.7913455e-01
4.2010626e-01
3.0584945e-01
1.1060471e-01
-6.4947283e-02
-1.8104477e-01
-2.5971964e-01
-3.1159162e-01
-3.2359688e-01
-2.8665294e-01
-2.1375698e-01
-1.3798305e-01
-6.5709736e-02
4.1386533e-02
1.8696304e-01
2.9589850e-01
2.8399387e-01
1.8427881e-01
1.1475608e-01
1.3346561e-01
1.7400675e-01
1.1445865e-01
-3.6939012e-02
-1.7628464e-01
-2.6352441e-01
-3.0460306e-01
-3.1457172e-01
-2.9970601e-01
-2.4137485e-01
-1.1889956e-01
2.8849875e-02
1.0336314e-01
1.0136956e-01
1.2783041e-01
2.0868019e-01
2.7189651e-01
2.5544848e-01
1.7874633e-01
1.4568369e-01
2.1706427e-01
3.0671686e-01
2.6167125e-01
7.8179530e-02
-1.0384068e-01
-2.1627109e-01
-2.7194956e-01
-2.8730943e-01
-2.7002504e-01
-2.1695420e-01
-1.2709524e-01
-3.1515992e-02
3.5958567e-02
7.3364130e-02
8.6368961e-02
1.0637228e-01
1.3373098e-01
1.1370202e-01
4.7783629e-02
-9.7675195e-03
-3.9008287e-02
-7.1574674e-02
-1.3013713e-01
-1.8882730e-01
-2.2888835e-01
-2.5275507e-01
-2.6018998e-01
-2.4140348e-01
-1.7436764e-01
-4.6544954e-02
1.2173612e-01
2.5843854e-01
2.8669094e-01
2.3115243e-01
2.0934741e-01
2.7194117e-01
3.2624671e-01
2.5929371e-01
1.1083508e-01
2.0682637e-02
4.4054385e-02
1.1402717e-01
1.0301187e-01
-1.3415960e-02
-1.2685462e-01
-1.9094021e-01
-2.2852407e-01
-2.4038512e-01
-2.2180268e-01
-1.7364799e-01
-1.1500092e-01
-8.7077241e-02
-1.0912665e-01
-1.5116623e-01
-1.6411376e-01
-1.2519998e-01
-5.8863507e-02
1.1739959e-02
1.1325662e-01
2.6646829e-01
4.1400556e-01
4.4415443e-01
3.3835657e-01
1.4912954e-01
-8.8046193e-02
-2.9185000e-01
-4.0931594e-01
-4.4257134e-01
-3.7996657e-01
-2.0911910e-01
5.5335867e-02
3.2922596e-01
4.9092850e-01
5.2149778e-01
4.8464374e-01
3.8865567e-01
2.0671674e-01
-3.0337195e-02
-2.3363490e-01
-3.5958377e-01
-4.2038127e-01
-4.2437636e-01
-3.7620257e-01
-2.8059084e-01
-1.4039836e-01
2.4962826e-02
1.4174993e-01
1.7933844e-01
1.5620221e-01
7.3267217e-02
7.3271142e-03
-1.1708707e-02
-1.4166479e-02
5.1745760e-02
1.9604152e-01
3.1653225e-01
2.9660382e-01
1.4756846e-01
1.3317862e-03
-6.4988553e-02
-1.0703281e-01
-1.9410604e-01
-2.8773743e-01
-3.2781069e-01
-2.9888508e-01
-2.0649971e-01
-1.2794846e-01
-1.1578282e-01
-7.7999614e-02
6.9256508e-02
2.6461378e-01
3.6720380e-01
3.6796643e-01
3.4224632e-01
3.0739774e-01
2.7118675e-01
1.6531711e-01
-2.4393492e-02
-1.7529142e-01
-2.3187599e-01
-2.5232503e-01
-2.8855474e-01
-3.0209559e-01
-2.3980200e-01
-9.7130327e-02
4.9958803e-02
7.7293683e-02
5.4017773e-03
-2.8572402e-02
3.4799892e-02
1.3125041e-01
1.3982512e-01
6.3178625e-02
3.5705497e-02
1.1770453e-01
2.1342653e-01
1.8067816e-01
3.8105272e-02
-7.4588160e-02
-1.0007504e-01
-1.2103911e-01
-2.1094298e-01
-2.8845719e-01
-2.7161973e-01
-1.6091561e-01
-3.3956355e-02
-4.4607167e-03
-2.9437968e-02
2.4932032e-02
1.6026439e-01
2.6338286e-01
2.4697279e-01
1.6000552e-01
1.4761122e-01
2.3054724e-01
2.8131266e-01
2.1391899e-01
8.6708586e-02
1.7536154e-02
-1.5584788e-03
-7.6012619e-02
-2.1623743e-01
-3.4249148e-01
-4.1631410e-01
-4.4003783e-01
-4.1024996e-01
-3.2135767e-01
-1.5922846e-01
8.7192315e-02
3.5170943e-01
4.9830000e-01
4.6044560e-01
3.2235123e-01
2.0289534e-01
1.1235286e-01
4.8160564e-03
-1.1665130e-01
-1.9071573e-01
-1.8239357e-01
-1.2994627e-01
-1.0446145e-01
-1.1092210e-01
-7.4156833e-02
4.5359098e-02
1.6764576e-01
1.5103429e-01
9.3586293e-03
-1.1197756e-01
-1.4838475e-01
-1.0781667e-01
-5.1284344e-02
-4.2066203e-02
-2.7221022e-02
6.0086749e-02
1.5262426e-01
1.3804692e-01
4.8433635e-02
1.0382874e-03
4.0513302e-02
1.0177430e-01
6.7383875e-02
-5.6075468e-02
-1.4856527e-01
-1.6868975e-01
-1.8286419e-01
-2.3043646e-01
-2.4810391e-01
-1.6873160e-01
9.7963209e-03
2.0669938e-01
2.9470060e-01
2.8845781e-01
3.2826976e-01
4.2056849e-01
4.2442675e-01
2.7436761e-01
5.7940788e-02
-1.1278566e-01
-2.0379506e-01
-2.3575355e-01
-2.3599686e-01
-2.1145544e-01
-1.6038669e-01
-8.8885199e-02
-4.3446847e-02
-6.6424224e-02
-1.1432137e-01
-1.4554566e-01
-1.6040406e-01
-1.6110379e-01
-1.5063939e-01
-1.1629841e-01
-4.4382212e-02
4.4693382e-02
8.7643914e-02
7.0951608e-02
7.7908004e-02
1.6984666e-01
2.8389472e-01
2.7152169e-01
1.2332648e-01
-7.7913036e-03
-4.8183173e-02
-6.3653896e-02
-1.2480446e-01
-1.8969515e-01
-1.7800241e-01
-6.1565707e-02
1.0364105e-01
1.7773683e-01
1.3467986e-01
1.0710853e-01
1.5363471e-01
1.9615986e-01
1.4720951e-01
2.9408923e-02
-5.7146187e-02
-6.9431483e-02
-4.7794290e-02
-6.2676081e-02
-1.2066607e-01
-1.6013185e-01
-1.4965008e-01
-9.5439588e-02
-4.0702567e-02
-2.5230223e-02
-1.5264128e-02
2.0032393e-02
5.6661147e-02
6.1576842e-02
4.3418712e-02
4.4645065e-02
8.0798869e-02
8.4324642e-02
-1.1730311e-02
-1.4809802e-01
-2.5233777e-01
-3.0966566e-01
-3.1534455e-01
-2.6844250e-01
-1.5744610e-01
3.5672489e-02
2.7315156e-01
4.5339108e-01
4.9856769e-01
4.3749962e-01
3.6583399e-01
2.5759536e-01
6.7714567e-02
-1.0837336e-01
-2.0345893e-01
-2.2737156e-01
-2.1073724e-01
-2.0220848e-01
-2.0699777e-01
-1.7995408e-01
-9.5591399e-02
2.2019859e-02
9.7320766e-02
9.8406655e-02
9.6168640e-02
1.3816574e-01
1.5470256e-01
7.3113855e-02
-5.1950911e-02
-1.4883038e-01
-1.9994402e-01
-2.0159943e-01
-1.7093239e-01
-1.1390718e-01
-1.2202534e-02
1.4609117e-01
2.8494870e-01
2.6210588e-01
9.3833099e-02
-7.2776270e-02
-1.7004975e-01
-2.0432091e-01
-2.0182200e-01
-1.6997124e-01
-7.8150105e-02
8.0575042e-02
2.3330353e-01
2.6606753e-01
1.8471572e-01
1.1853122e-01
1.1377841e-01
7.4484886e-02
-5.0757761e-02
-1.6812916e-01
-2.0320743e-01
-1.6052801e-01
-1.1189987e-01
-1.2537681e-01
-1.3808074e-01
-7.1777316e-02
6.4662762e-02
1.8117758e-01
1.6321034e-01
4.0612373e-02
-3.3787267e-02
1.6659264e-02
1.1283676e-01
1.4464706e-01
1.5626681e-01
2.4250196e-01
3.3990123e-01
3.0123581e-01
1.2943191e-01
-4.3034193e-02
-1.5343049e-01
-2.1470769e-01
-2.4555385e-01
-2.5417308e-01
-2.4147250e-01
-2.1006813e-01
-1.6515615e-01
-1.1617834e-01
-6.6514158e-02
-4.5030181e-03
8.2708647e-02
1.4162646e-01
1.0618574e-01
2.4444363e-02
-4.4511586e-02
-9.5180218e-02
-1.3201539e-01
-1.5616632e-01
-1.3970026e-01
-5.6918466e-02
7.0393744e-02
1.4838005e-01
1.1425289e-01
4.8874934e-02
5.3826581e-02
1.1554094e-01
1.2575453e-01
2.8269895e-02
-8.7604285e-02
-1.1633535e-01
-7.3442581e-02
-5.9996997e-02
-9.6135887e-02
-8.1683057e-02
5.2026999e-02
2.4698077e-01
3.6888956e-01
3.5722638e-01
2.4128684e-01
8.8630416e-02
-4.3361669e-02
-1.6974790e-01
-2.6962539e-01
-2.7870793e-01
-1.8063631e-01
-3.7240119e-02
2.0199046e-02
-3.9363256e-02
-1.0331536e-01
-8.1731795e-02
-3.3214606e-03
1.6161323e-02
-3.6389753e-02
-3.5693221e-02
8.4842693e-02
2.4457328e-01
2.9487675e-01
2.0901735e-01
1.0444534e-01
6.7485691e-02
5.6840705e-02
1.5215243e-02
-1.1498837e-02
-3.0727852e-02
-1.0002087e-01
-1.7526896e-01
-2.2124138e-01
-2.3419082e-01
-1.8763361e-01
-8.6090305e-02
1.4839968e-02
5.4184617e-02
4.4798257e-02
5.6248238e-02
6.9692770e-02
8.4194935e-03
-8.5634686e-02
-1.1744964e-01
-5.7295722e-02
4.1776384e-02
6.2703500e-02
-1.0161501e-02
-5.6790121e-02
1.1746190e-03
9.9527279e-02
9.3112287e-02
-2.0864813e-02
-8.9682522e-02
-3.5263836e-02
7.7777178e-02
1.4252958e-01
1.4956311e-01
1.9466300e-01
3.0168139e-01
3.5320792e-01
2.4128391e-01
1.1832787e-02
-1.9203829e-01
-2.9947056e-01
-3.1818926e-01
-3.0146508e-01
-2.9707205e-01
-2.6815913e-01
-1.9296764e-01
-1.0079938e-01
-5.3582082e-02
-7.6743905e-02
-6.3362850e-02
4.8187436e-02
1.8519197e-01
2.5134215e-01
2.5833824e-01
3.1909504e-01
4.1047575e-01
4.0014858e-01
2.5092295e-01
4.0295998e-02
-1.2456464e-01
-2.2931573e-01
-3.1555501e-01
-3.6768473e-01
-3.4457149e-01
-2.3435035e-01
-9.2569572e-02
-3.1298846e-02
-5.1849837e-02
-3.0512369e-02
9.9981012e-02
2.7651975e-01
3.5774162e-01
2.8929748e-01
1.6744647e-01
1.1492859e-01
1.0806450e-01
2.9621689e-02
-1.0553608e-01
-1.9995564e-01
-2.1408835e-01
-1.5168715e-01
-1.0140250e-01
-1.4579778e-01
-2.0246370e-01
-1.8387214e-01
-1.1672970e-01
-5.0416648e-02
3.1961257e-02
1.8595257e-01
3.7029727e-01
4.4498581e-01
3.3168091e-01
1.0322870e-01
-9.7512945e-02
-2.0820961e-01
-2.8102353e-01
-3.6068558e-01
-4.0188059e-01
-3.5227661e-01
-2.0714559e-01
-3.0588419e-02
5.8697548e-02
6.0851528e-02
7.1841908e-02
7.3223332e-02
5.0206078e-02
6.1077094e-02
1.2825373e-01
2.6418555e-01
4.0030133e-01
4.4618789e-01
3.9181432e-01
2.9684927e-01
2.3923974e-01
1.7678245e-01
-2.3951123e-04
-2.7140232e-01
-5.0148333e-01
-6.1774015e-01
-6.4029915e-01
-6.0531796e-01
-5.0816072e-01
-3.1206185e-01
-4.5740364e-02
1.9316066e-01
3.5724151e-01
4.5226171e-01
4.9931088e-01
5.1473883e-01
4.7304476e-01
3.6802598e-01
2.2369589e-01
9.8484921e-02
5.5174515e-02
2.5823767e-02
-9.0049261e-02
-2.4022361e-01
-2.9503786e-01
-2.6040395e-01
-2.5258872e-01
-2.9274042e-01
-3.0062890e-01
-2.0720771e-01
-3.1397746e-02
1.2187742e-01
1.7649094e-01
1.7438391e-01
2.0803390e-01
2.5554456e-01
1.9467147e-01
3.6078657e-02
-6.9551862e-02
-4.6842339e-02
4.0877011e-02
5.8006384e-02
-1.8295225e-02
-6.4720385e-02
-3.9542146e-02
-1.1984911e-02
-5.6465232e-02
-1.6946860e-01
-2.5597804e-01
-2.5631557e-01
-1.7616505e-01
-7.0796739e-02
2.6730046e-02
1.7800798e-01
3.5531214e-01
4.1821122e-01
3.1372980e-01
1.1952737e-01
-3.8459040e-02
-1.0731679e-01
-1.2021525e-01
-1.1994436e-01
-1.0847151e-01
-5.6322874e-02
1.3970892e-02
2.9552881e-02
-2.0650021e-02
-8.2144799e-02
-1.1987350e-01
-1.3468573e-01
-1.4176216e-01
-1.3774620e-01
-9.9454160e-02
-1.4145211e-02
6.4175035e-02
6.1724270e-02
1.5727107e-02
4.7803300e-03
5.7350984e-02
1.3091397e-01
1.0938791e-01
-2.2380640e-02
-1.3946979e-01
-1.6766857e-01
-1.4278116e-01
-1.5756106e-01
-2.1893564e-01
-2.1696962e-01
-8.0217384e-02
1.3496087e-01
3.1174356e-01
4.5109800e-01
5.8499546e-01
6.3292911e-01
5.2682594e-01
3.0394150e-01
7.7065932e-02
-8.5485836e-02
-1.9482509e-01
-2.5679316e-01
-2.7263082e-01
-2.5569068e-01
-2.2005193e-01
-1.8003596e-01
-1.4605328e-01
-1.2288316e-01
-1.1368708e-01
-1.2273885e-01
-1.5129179e-01
-1.9700636e-01
-2.5350343e-01
-3.0816064e-01
-3.4686465e-01
-3.5587134e-01
-3.2304544e-01
-2.3467001e-01
-5.9251663e-02
1.7425567e-01
3.6192362e-01
4.4517691e-01
4.1186539e-01
3.3945341e-01
3.4469233e-01
3.9567842e-01
4.0153420e-01
3.4248107e-01
2.8124448e-01
2.6380306e-01
2.0484947e-01
1.9216929e-02
-2.3422171e-01
-4.1469370e-01
-4.6956738e-01
-4.5255576e-01
-4.1979098e-01
-3.6175739e-01
-2.0972478e-01
2.5038620e-03
1.2177575e-01
6.9582906e-02
-6.5486936e-02
-1.3815373e-01
-8.0280309e-02
6.2681305e-02
1.6748326e-01
2.3255288e-01
3.3938328e-01
4.5014352e-01
4.9913692e-01
4.6232456e-01
3.9131220e-01
3.4811618e-01
2.5402759e-01
3.8013533e-02
-2.2450782e-01
-4.2760216e-01
-5.4062160e-01
-5.8433560e-01
-5.9144814e-01
-5.7691059e-01
-5.1926208e-01
-3.9651983e-01
-2.3147294e-01
-9.9803725e-02
-3.6334543e-02
2.4875176e-02
1.0465240e-01
1.6808716e-01
2.2856520e-01
2.6986980e-01
2.7754197e-01
2.7193586e-01
2.5062553e-01
2.1257690e-01
1.6946100e-01
1.4183322e-01
1.4181700e-01
1.5373179e-01
1.6025510e-01
1.5830556e-01
1.4903348e-01
1.3154775e-01
9.0808344e-02
2.5599657e-03
-1.1427351e-01
-1.5728565e-01
-8.4222663e-02
-1.0849197e-03
-6.2060638e-03
-6.0681230e-02
-8.2452107e-02
-1.2089594e-01
-2.1242782e-01
-2.6928384e-01
-2.2948089e-01
-8.3040376e-02
9.4311809e-02
1.8184199e-01
2.0455866e-01
2.7464436e-01
3.6960458e-01
3.5308316e-01
1.8060287e-01
-4.8968288e-02
-2.2884146e-01
-3.3689712e-01
-3.9719211e-01
-4.2356468e-01
-4.1211596e-01
-3.5127471e-01
-2.4295936e-01
-1.3501109e-01
-8.4869794e-02
-6.8236360e-02
-4.6017115e-04
1.1623971e-01
1.7288186e-01
1.1999981e-01
5.6197843e-02
8.7155336e-02
1.7668451e-01
2.4497577e-01
2.6531447e-01
2.8269864e-01
3.4308242e-01
3.7894923e-01
3.2383471e-01
1.8117060e-01
1.9445960e-02
-9.4209827e-02
-1.8127908e-01
-2.7030668e-01
-3.5087297e-01
-3.6625837e-01
-2.7749390e-01
-1.4503396e-01
-9.7071368e-02
-1.5145202e-01
-1.7378436e-01
-8.2216849e-02
7.1996055e-02
1.9116884e-01
2.4197517e-01
2.7622612e-01
3.3104014e-01
3.3486898e-01
2.2414246e-01
7.4449370e-02
3.3166232e-03
1.2918108e-02
1.1783846e-02
-3.3185014e-02
-7.1125842e-02
-6.9928601e-02
-7.7461673e-02
-1.4214088e-01
-2.3826224e-01
-3.1868915e-01
-3.6443235e-01
-3.7438492e-01
-3.6291772e-01
-3.3846113e-01
-2.7121887e-01
-1.2439172e-01
7.3678983e-02
2.1182284e-01
2.2251927e-01
1.9872478e-01
2.5137305e-01
3.3954114e-01
3.7401330e-01
3.3306500e-01
2.8359520e-01
2.9167776e-01
2.9112654e-01
1.8883675e-01
1.5551825e-03
-1.5942825e-01
-2.1970382e-01
-2.2739054e-01
-2.6064783e-01
-3.0550449e-01
-2.7396021e-01
-1.3418129e-01
3.3425110e-02
1.0672650e-01
9.5993986e-02
1.3443959e-01
2.3059688e-01
2.5019499e-01
1.3483324e-01
-2.2312961e-02
-1.3447983e-01
-2.0284607e-01
-2.5470786e-01
-2.9692846e-01
-2.8755764e-01
-1.9073879e-01
-2.1648107e-02
1.3967725e-01
2.0001249e-01
1.9477907e-01
2.3499818e-01
3.0961561e-01
3.1556806e-01
2.0618190e-01
3.0958244e-02
-1.0807317e-01
-1.6907596e-01
-1.7889274e-01
-1.5788089e-01
-1.0338087e-01
-7.9633530e-03
9.7746559e-02
1.4301603e-01
9.6719656e-02
9.7069354e-03
-5.7742034e-02
-1.1449490e-01
-2.0621339e-01
-3.2425622e-01
-4.1615169e-01
-4.5626892e-01
-4.4916178e-01
-3.9167316e-01
-2.5559007e-01
-1.2859310e-02
2.8386433e-01
5.0743197e-01
5.9430504e-01
5.8493374e-01
5.7677382e-01
6.0108631e-01
5.6797998e-01
4.1749724e-01
1.6921746e-01
-1.0809856e-01
-3.2933357e-01
-4.6983075e-01
-5.3879002e-01
-5.3281327e-01
-4.5359651e-01
-3.7566932e-01
-3.7478678e-01
-3.8541606e-01
-3.1713792e-01
-1.4141535e-01
1.1666333e-01
3.6644106e-01
5.2683456e-01
5.8400190e-01
5.6724102e-01
4.8953638e-01
3.4194324e-01
1.4742487e-01
-2.1320570e-02
-8.8001849e-02
-8.3597939e-02
-1.2520971e-01
-2.0820921e-01
-2.2790605e-01
-1.4510750e-01
-1.7583312e-02
5.2843720e-02
3.6421189e-02
-1.1313637e-02
-5.4908442e-02
-9.3074600e-02
-1.2369825e-01
-1.4334039e-01
-1.3130982e-01
-7.6029812e-02
6.9155433e-03
6.1232957e-02
5.3839607e-02
4.9637700e-02
9.1684188e-02
1.4991572e-01
1.6234074e-01
9.8029500e-02
1.5014469e-02
-2.9627234e-02
-3.7161745e-02
-3.5584254e-02
-4.1605299e-02
-4.1963982e-02
-2.5684580e-02
-2.1470504e-02
-7.1127862e-02
-1.6087128e-01
-2.4802673e-01
-3.1434736e-01
-3.5322961e-01
-3.5262425e-01
-2.9588250e-01
-1.6907939e-01
3.7833364e-02
2.7339708e-01
4.1920135e-01
4.4472990e-01
4.0948972e-01
3.6232173e-01
3.0663132e-01
1.7706844e-01
-1.5727495e-02
-1.4770465e-01
-1.5096738e-01
-7.7818222e-02
-5.1287248e-02
-1.0507487e-01
-1.3085636e-01
-6.5308749e-02
1.3234355e-02
1.0226233e-02
-5.8216808e-02
-1.0718656e-01
-9.1357036e-02
-8.5732598e-03
9.8023028e-02
1.6604338e-01
2.2950687e-01
3.1031007e-01
3.1102768e-01
1.5812011e-01
-8.0038354e-02
-2.7608060e-01
-3.8245568e-01
-4.0806985e-01
-3.7125233e-01
-2.7715848e-01
-1.0759757e-01
1.2527861e-01
3.2892296e-01
3.8910153e-01
3.2337985e-01
2.5484244e-01
2.2039634e-01
1.3515761e-01
-2.6957218e-02
-1.6898332e-01
-2.3831252e-01
-2.6996397e-01
-2.8411499e-01
-2.5201726e-01
-1.4648507e-01
3.5115817e-02
2.2877111e-01
2.9407834e-01
1.8457972e-01
1.0017729e-02
-1.1240227e-01
-1.4894035e-01
-1.4174647e-01
-1.4112184e-01
-1.2380717e-01
-4.6872509e-02
6.2725361e-02
1.3312838e-01
1.2479804e-01
8.7751741e-02
1.1612290e-01
1.9916570e-01
2.1702794e-01
1.0629181e-01
-6.2231061e-02
-1.7322712e-01
-1.8310698e-01
-1.5537779e-01
-1.4638274e-01
-9.6869189e-02
3.5486874e-02
1.7859478e-01
2.1542259e-01
1.2913861e-01
3.2874659e-02
8.4384373e-03
5.5550129e-02
1.0762425e-01
9.0778375e-02
-2.3239232e-03
-1.3582459e-01
-2.4585085e-01
-2.9495289e-01
-2.8742634e-01
-2.2406853e-01
-1.0293793e-01
7.7397392e-02
2.5907433e-01
3.2876878e-01
2.5715170e-01
1.2126635e-01
-6.0731503e-04
-8.0032383e-02
-1.1985176e-01
-1.2363420e-01
-7.3404052e-02
1.1363046e-02
7.2419623e-02
7.4047313e-02
2.4758949e-02
-6.2568810e-03
2.1910463e-02
4.6776374e-02
-1.8086802e-03
-8.3731078e-02
-1.2651410e-01
-1.2456524e-01
-1.1491300e-01
-1.0641246e-01
-5.4927191e-02
6.7731853e-02
2.2625876e-01
3.1711131e-01
2.6167185e-01
1.1874912e-01
-5.5365673e-03
-8.6384531e-02
-1.3566333e-01
-1.4903488e-01
-1.2375964e-01
-5.6549141e-02
1.0730804e-02
6.7461669e-04
-7.5933819e-02
-1.4418266e-01
-1.6643792e-01
-1.4226373e-01
-1.0634094e-01
-7.8088804e-02
-9.8763040e-03
1.3802244e-01
3.1394281e-01
3.9970325e-01
3.2445027e-01
1.4449187e-01
-1.5361750e-02
-1.1307788e-01
-1.7795855e-01
-2.0710074e-01
-1.8010928e-01
-8.8520329e-02
5.4504884e-02
1.7565676e-01
1.7468912e-01
7.0521468e-02
-2.4061582e-02
-8.2124664e-02
-1.4421811e-01
-2.0466018e-01
-2.2884896e-01
-1.9614122e-01
-1.0106353e-01
9.4753274e-03
6.8083785e-02
1.0477181e-01
1.8616066e-01
2.8625032e-01
3.1019481e-01
2.3008584e-01
1.3121402e-01
7.8784675e-02
7.3961531e-02
5.7419436e-02
-2.5740081e-02
-1.3553643e-01
-2.3261924e-01
-3.0813654e-01
-3.6031053e-01
-3.9324346e-01
-3.9308421e-01
-3.4462152e-01
-2.3517669e-01
-7.0769102e-02
1.0851888e-01
2.4654811e-01
3.4524789e-01
4.2606505e-01
4.2253839e-01
3.0199812e-01
1.5538504e-01
9.1905028e-02
9.3628315e-02
4.5915334e-02
-8.9558560e-02
-2.3040886e-01
-2.6659262e-01
-1.6333741e-01
1.3569498e-02
1.4932439e-01
1.8235288e-01
1.4352674e-01
1.1097128e-01
1.0494421e-01
5.3022916e-02
-4.7238093e-02
-1.0859097e-01
-9.3435085e-02
-5.9460890e-02
-8.0422698e-02
-1.2552025e-01
-1.3401199e-01
-1.3548082e-01
-1.7081499e-01
-2.1580676e-01
-2.3471174e-01
-1.8176612e-01
-5.3282204e-02
6.8194715e-02
1.1983919e-01
1.2478564e-01
1.7408221e-01
2.8121639e-01
3.3383444e-01
2.7020739e-01
1.3131470e-01
1.1189474e-02
6.1906837e-03
9.7049179e-02
1.6382404e-01
1.2241574e-01
6.3647197e-04
-9.5197514e-02
-1.3206952e-01
-1.5573169e-01
-1.5519148e-01
-9.4612289e-02
-1.4011075e-02
1.7099961e-02
-7.2680524e-04
-1.8514652e-02
5.1202876e-03
7.2090400e-02
9.4226894e-02
5.1091088e-03
-1.2419715e-01
-2.2423787e-01
-2.9634433e-01
-3.4586645e-01
-3.5226784e-01
-2.9023132e-01
-1.4965528e-01
4.3614193e-02
2.0144169e-01
2.6989454e-01
3.0838549e-01
3.8485810e-01
4.6586002e-01
4.6735674e-01
3.6176039e-01
1.9616520e-01
3.7480380e-02
-7.8255094e-02
-1.7226810e-01
-2.6919397e-01
-3.3722128e-01
-3.5134909e-01
-3.2190037e-01
-2.7197472e-01
-2.1232692e-01
-1.2183932e-01
1.1562464e-02
1.6102344e-01
2.4967744e-01
2.3317265e-01
1.7795734e-01
1.5767391e-01
1.3790894e-01
6.7666921e-02
-1.5043473e-02
-6.6767112e-02
-6.8771880e-02
-2.0322713e-02
7.3588750e-03
-3.2017252e-02
-7.1208618e-02
-5.6864669e-02
4.3562390e-03
7.0311497e-02
7.9241126e-02
2.3493476e-02
-6.0832880e-02
-1.3626858e-01
-1.8129789e-01
-1.9191047e-01
-1.6555341e-01
-9.6225850e-02
1.6924650e-02
1.3638374e-01
1.8586505e-01
1.5214766e-01
1.1373006e-01
1.2839977e-01
1.4256374e-01
8.0865182e-02
-1.5432528e-02
-7.7816307e-02
-9.7438204e-02
-9.2521930e-02
-9.0561748e-02
-9.3711591e-02
-7.3424276e-02
-1.2586653e-02
4.3954309e-02
4.9855873e-02
4.3756730e-02
6.6503739e-02
1.2032567e-01
1.6407962e-01
1.2943398e-01
3.1594700e-02
-6.2083410e-02
-1.2826870e-01
-1.7057119e-01
-1.9012091e-01
-1.8752952e-01
-1.7414018e-01
-1.6076063e-01
-1.3236750e-01
-9.3461869e-02
-5.4687626e-02
2.0051204e-02
1.2215662e-01
1.4965736e-01
7.4472398e-02
1.0371686e-02
4.3574875e-02
1.5502067e-01
2.6875610e-01
3.0019592e-01
2.2311163e-01
1.1500078e-01
7.2092207e-02
8.2084644e-02
4.1505323e-02
-8.3915217e-02
-2.1126366e-01
-2.8026610e-01
-3.0082660e-01
-3.0159825e-01
-2.8221552e-01
-2.0972514e-01
-6.3707038e-02
9.9558418e-02
1.7120411e-01
1.7051365e-01
2.2616203e-01
3.3747033e-01
3.6951674e-01
2.6285830e-01
8.9673761e-02
-5.1511901e-02
-1.0905675e-01
-1.0467531e-01
-1.1017965e-01
-1.4500582e-01
-1.7011670e-01
-1.6645752e-01
-1.2605644e-01
-8.1608828e-02
-6.5195935e-02
-2.8387196e-02
6.2817871e-02
1.3289253e-01
1.0557980e-01
2.8343840e-02
-2.4179772e-02
-1.7134167e-02
1.3408056e-03
-3.2657460e-02
-5.3380346e-02
6.8558478e-03
1.0157682e-01
1.4837998e-01
1.1984076e-01
3.1244242e-02
-7.0197393e-02
-1.1936405e-01
-1.0245794e-01
-6.6919518e-02
-4.9377652e-02
-1.3669750e-02
7.9173690e-02
1.7071341e-01
1.6116863e-01
6.4115383e-02
-1.8320268e-02
-3.4730942e-02
-7.1880095e-03
-7.5835191e-05
-2.8226703e-02
-2.9633900e-02
2.9165691e-02
8.0805208e-02
3.4611671e-02
-7.7898789e-02
-1.7356624e-01
-2.2747755e-01
-2.4147200e-01
-2.1734290e-01
-1.4911318e-01
-2.6504877e-02
1.5932099e-01
3.5272021e-01
4.1824493e-01
3.3014211e-01
2.1184186e-01
1.2882923e-01
5.4338858e-02
-2.7012169e-02
-9.8969743e-02
-1.4629008e-01
-1.7415023e-01
-1.9569122e-01
-2.2397899e-01
-2.6157044e-01
-2.9502178e-01
-3.1498866e-01
-3.2472935e-01
-3.2935063e-01
-3.0952723e-01
-2.2281450e-01
-3.2437062e-02
2.0791993e-01
3.7485272e-01
4.4882816e-01
4.7364418e-01
4.6429494e-01
4.3131453e-01
3.7848911e-01
3.2040868e-01
2.7492970e-01
2.3526425e-01
1.7092619e-01
4.3390315e-02
-1.2691137e-01
-2.5923392e-01
-3.1686054e-01
-3.1673285e-01
-2.8369763e-01
-2.3171987e-01
-1.5880469e-01
-6.2081374e-02
-4.3997381e-03
-5.4011362e-02
-1.4963468e-01
-2.1942329e-01
-2.5555573e-01
-2.5817544e-01
-2.4011969e-01
-1.9641488e-01
-9.2544685e-02
9.1336200e-02
3.1033517e-01
4.7178255e-01
5.3115483e-01
5.2675150e-01
4.8998150e-01
4.0453081e-01
2.5662776e-01
6.2014108e-02
-1.1438927e-01
-2.2511258e-01
-2.7617701e-01
-2.8246359e-01
-2.6930498e-01
-2.5769836e-01
-2.4420738e-01
-2.2782716e-01
-2.1649519e-01
-2.0242068e-01
-1.7432562e-01
-1.2476783e-01
-5.1914474e-02
1.2073111e-02
4.4384860e-02
9.0780749e-02
1.9881313e-01
3.0301372e-01
2.6860128e-01
1.1261607e-01
-1.2427185e-02
-3.1299077e-02
1.9881448e-02
4.9247140e-02
3.6668528e-02
6.9929910e-02
1.7357361e-01
2.5448125e-01
2.1282710e-01
6.4990609e-02
-8.3712339e-02
-1.7575975e-01
-2.1168082e-01
-2.0983084e-01
-1.8191528e-01
-1.1498048e-01
-1.0209461e-03
1.3223687e-01
1.9172643e-01
1.2815366e-01
2.4786571e-02
-4.9080628e-02
-8.8763562e-02
-1.0163147e-01
-9.6008946e-02
-7.4604860e-02
-3.9910216e-02
7.0719449e-03
4.4800658e-02
4.9695624e-02
4.1452579e-02
3.4815514e-02
1.1711489e-02
-2.5466498e-02
-5.1135897e-02
-5.4187709e-02
-3.7560473e-02
-8.2809227e-03
7.9631838e-03
-3.7392581e-03
-1.5866163e-02
-7.2740407e-03
1.3487286e-02
1.4128425e-02
-2.1149404e-02
-5.6661067e-02
-6.5056105e-02
-4.7557434e-02
-3.1100369e-02
-3.5944106e-02
-3.0855138e-02
1.1884145e-02
6.1894147e-02
6.6051681e-02
3.4777145e-02
1.6840032e-02
3.4383945e-02
6.2579753e-02
4.7933156e-02
-1.3502862e-04
-1.8548853e-02
2.7307141e-02
7.9583287e-02
5.9199000e-02
-8.9703382e-03
-6.8222499e-02
-8.3621927e-02
-4.3548243e-02
1.0832173e-02
3.0904306e-02
3.0477906e-02
6.0035092e-02
1.2856091e-01
1.6271045e-01
1.0336293e-01
1.2612461e-02
-4.1691986e-02
-6.6231900e-02
-1.0101808e-01
-1.5562203e-01
-1.8966868e-01
-1.8354612e-01
-1.4273540e-01
-1.1135035e-01
-1.2791380e-01
-1.3723527e-01
-8.5292618e-02
3.3852866e-02
1.5575580e-01
2.0402313e-01
2.4234922e-01
3.4429196e-01
4.3096536e-01
3.6930989e-01
1.7811779e-01
-4.9623518e-03
-1.1889856e-01
-1.7571139e-01
-2.0121076e-01
-2.1932411e-01
-2.2653277e-01
-2.1466050e-01
-1.8303512e-01
-1.3640618e-01
-8.1946511e-02
-6.0412464e-03
1.0579660e-01
2.3321371e-01
2.8050937e-01
1.9113494e-01
5.8250236e-02
-4.0558414e-02
-1.0245474e-01
-1.3098153e-01
-1.4052534e-01
-1.3804976e-01
-1.1378935e-01
-6.4417978e-02
-1.6914634e-02
-1.3551467e-02
-4.5377817e-02
-6.8372730e-02
-7.7294323e-02
-9.2833892e-02
-1.0850781e-01
-7.8801189e-02
3.2455221e-02
1.9544371e-01
3.1280777e-01
3.0946840e-01
2.2629558e-01
1.6539281e-01
1.5065646e-01
1.2667195e-01
5.3575161e-02
-4.0831186e-02
-8.1657394e-02
-1.0303364e-01
-1.8312973e-01
-2.5822727e-01
-2.5939568e-01
-1.8941744e-01
-5.4071531e-02
7.4825105e-02
1.1800202e-01
1.3591003e-01
2.0849799e-01
2.8941107e-01
2.6910529e-01
1.3749348e-01
-7.7424152e-03
-1.1136631e-01
-1.7840080e-01
-2.2550281e-01
-2.5983822e-01
-2.6919588e-01
-2.4842513e-01
-1.9799013e-01
-1.2762476e-01
-5.7643974e-02
2.9598513e-02
1.7287782e-01
3.1963981e-01
3.6657100e-01
2.8996189e-01
1.4459209e-01
2.9557979e-02
-3.9480002e-03
6.1836139e-04
-2.1492207e-02
-6.7162903e-02
-8.0555048e-02
-5.9965662e-02
-6.0253948e-02
-1.0298201e-01
-1.4759209e-01
-1.5095719e-01
-1.2381737e-01
-1.1219278e-01
-1.1862559e-01
-9.7865550e-02
-1.3164807e-02
1.3032163e-01
2.5106451e-01
2.7105581e-01
2.4250720e-01
2.6057237e-01
2.8901598e-01
2.1465809e-01
4.6306397e-02
-1.1024657e-01
-2.0497331e-01
-2.4415074e-01
-2.4713317e-01
-2.3341249e-01
-2.0176386e-01
-1.4038289e-01
-4.9582117e-02
1.4362803e-02
6.3694442e-03
-6.3628093e-03
3.7368881e-02
1.2912234e-01
2.0625565e-01
1.8413217e-01
7.1993339e-02
-5.6870607e-02
-1.5926302e-01
-2.2837937e-01
-2.6668853e-01
-2.5095931e-01
-1.5148473e-01
-2.1113606e-02
5.0532386e-02
5.1159586e-02
3.6951300e-02
9.5668287e-02
2.0417437e-01
2.4285229e-01
2.1181160e-01
2.0853198e-01
2.9399644e-01
4.1991932e-01
4.6201297e-01
3.4098808e-01
1.0422091e-01
-1.1538064e-01
-2.5447007e-01
-3.3065049e-01
-3.6118869e-01
-3.5830546e-01
-3.3343418e-01
-2.9333376e-01
-2.4209220e-01
-1.9003294e-01
-1.4098252e-01
-7.8420156e-02
1.3816165e-02
9.3509903e-02
1.2282567e-01
1.6444055e-01
2.7669180e-01
4.0276587e-01
4.0926016e-01
2.6605351e-01
8.7010853e-02
-4.6950629e-02
-1.3239518e-01
-1.8600068e-01
-2.1812875e-01
-2.2745762e-01
-2.1488595e-01
-1.8424407e-01
-1.5373225e-01
-1.3982350e-01
-1.2066115e-01
-6.8818928e-02
1.7980143e-02
1.0569705e-01
1.5227104e-01
1.8327648e-01
2.6303714e-01
3.5105761e-01
3.1404664e-01
1.5080344e-01
-1.2277960e-02
-1.1659086e-01
-1.6600891e-01
-1.8658051e-01
-2.0962590e-01
-2.2065280e-01
-1.9715648e-01
-1.3962341e-01
-7.0417604e-02
-8.8527514e-03
6.5662873e-02
1.7631537e-01
2.9410978e-01
3.2601745e-01
2.3233353e-01
9.5288554e-02
-1.3252658e-02
-8.5618409e-02
-1.2845446e-01
-1.5376903e-01
-1.7088965e-01
-1.7486431e-01
-1.6113648e-01
-1.4252231e-01
-1.2823729e-01
-1.0096494e-01
-3.9217592e-02
4.5384781e-02
1.1344059e-01
1.2347062e-01
8.3047956e-02
6.5412626e-02
1.1557460e-01
1.6742170e-01
1.2692946e-01
3.1503600e-02
-2.1396209e-02
-1.7165001e-02
-2.2557835e-02
-7.6313579e-02
-1.2066937e-01
-1.0233757e-01
-2.5943590e-02
2.5022903e-02
-1.3926965e-02
-6.2706992e-02
-4.1684190e-02
5.9597683e-02
1.6484685e-01
1.6578003e-01
1.1008268e-01
9.5511231e-02
1.3360002e-01
1.5458094e-01
9.2389072e-02
-8.1446522e-03
-8.8836328e-02
-1.3819610e-01
-1.6885032e-01
-2.0159158e-01
-2.2848936e-01
-2.3742421e-01
-2.2395136e-01
-1.9180055e-01
-1.5196420e-01
-8.8765445e-02
2.4527642e-02
1.5332436e-01
2.1281580e-01
1.8341875e-01
1.2466181e-01
1.0521355e-01
1.1830043e-01
9.1148360e-02
4.3685881e-02
3.9933467e-02
6.6240447e-02
9.5424716e-02
1.0676047e-01
6.7728706e-02
-8.0683317e-03
-6.0370060e-02
-7.8045480e-02
-8.9024009e-02
-9.1722542e-02
-6.0971751e-02
3.0291853e-02
1.4856794e-01
1.8971647e-01
1.2336937e-01
3.7390886e-02
-1.8636313e-03
9.6071943e-03
2.0972347e-02
-2.3910401e-02
-9.2142003e-02
-1.3920427e-01
-1.6729390e-01
-1.8444024e-01
-1.9351294e-01
-1.8963412e-01
-1.6335919e-01
-1.1051060e-01
-4.5338322e-02
2.0197142e-02
1.0374307e-01
2.2167760e-01
3.1496984e-01
2.8715827e-01
1.5168299e-01
3.8631603e-03
-9.8417815e-02
-1.4625573e-01
-1.5869839e-01
-1.5212967e-01
-1.0988153e-01
-1.2541738e-02
1.1328631e-01
1.7930720e-01
1.3674827e-01
5.9720356e-02
2.5392948e-02
4.5515756e-02
7.2196622e-02
4.8915163e-02
6.6115596e-03
-1.2437055e-02
-2.0236814e-02
-3.1975474e-02
-4.5487817e-02
-5.1511492e-02
-5.0313228e-02
-4.4780799e-02
-3.1618224e-02
-1.7321763e-02
-1.3398082e-02
-2.6856926e-02
-6.2860477e-02
-1.1810224e-01
-1.8330657e-01
-2.4476606e-01
-2.8861240e-01
-3.0609735e-01
-2.9200089e-01
-2.3400694e-01
-1.0957733e-01
8.6344401e-02
2.9551446e-01
4.1438534e-01
3.9303328e-01
3.0242832e-01
2.7190030e-01
3.1318224e-01
3.1874124e-01
2.5401330e-01
1.7392773e-01
9.9082639e-02
1.1659785e-02
-8.5507410e-02
-1.5419802e-01
-1.5049331e-01
-6.9853114e-02
2.1019350e-02
4.1454822e-02
-5.2853955e-03
-6.5156226e-02
-1.0681198e-01
-1.2558129e-01
-1.2216108e-01
-9.9443210e-02
-6.1582897e-02
-1.4047143e-02
2.2125297e-02
2.8177381e-02
1.3500411e-02
-8.0721119e-03
-3.7971906e-02
-7.9257422e-02
-1.3121762e-01
-1.9161724e-01
-2.5623294e-01
-3.1693202e-01
-3.6357323e-01
-3.8483646e-01
-3.6409879e-01
-2.8080357e-01
-1.1226480e-01
9.5878194e-02
2.2417188e-01
2.5888843e-01
2.9383118e-01
3.5920873e-01
4.0994373e-01
4.0644403e-01
3.4897550e-01
2.7286262e-01
2.0185802e-01
1.4685912e-01
1.2725335e-01
1.2506277e-01
1.3039982e-01
1.5341643e-01
1.6840373e-01
1.3448349e-01
3.2488460e-02
-7.6467081e-02
-1.1029888e-01
-7.5095943e-02
-5.8854784e-02
-1.1066053e-01
-1.7542596e-01
-2.1857944e-01
-2.5146425e-01
-2.7444131e-01
-2.8639302e-01
-2.8645953e-01
-2.7250051e-01
-2.4250159e-01
-1.9105667e-01
-1.0392066e-01
3.3783293e-02
2.2077349e-01
3.9523714e-01
4.5614842e-01
4.0558171e-01
3.2481528e-01
2.4528501e-01
1.4853601e-01
1.8444621e-02
-1.0991538e-01
-2.0109313e-01
-2.6198628e-01
-3.0300873e-01
-3.2762177e-01
-3.3632463e-01
-3.2498996e-01
-2.8555436e-01
-2.2547639e-01
-1.6429686e-01
-9.1853716e-02
2.4571255e-02
1.8494896e-01
3.1947764e-01
3.4885643e-01
2.7975439e-01
1.8230389e-01
1.4083192e-01
1.7581523e-01
2.0008359e-01
1.8987148e-01
2.3052511e-01
3.2319753e-01
3.5691118e-01
2.4505017e-01
3.1779945e-02
-1.6135153e-01
-2.8431055e-01
-3.5306824e-01
-3.9077158e-01
-4.1392109e-01
-4.2183539e-01
-4.0898997e-01
-3.6981134e-01
-2.9413619e-01
-1.7014646e-01
1.3344921e-02
2.5930252e-01
4.9423186e-01
5.8357177e-01
5.1804175e-01
4.1456094e-01
3.1369885e-01
1.6304529e-01
-2.3864297e-02
-1.6294999e-01
-2.2117991e-01
-2.1392914e-01
-1.9438888e-01
-2.3743979e-01
-3.3593471e-01
-4.2231934e-01
-4.6083527e-01
-4.5909757e-01
-4.2436530e-01
-3.1896506e-01
-9.6229042e-02
1.9457793e-01
4.2078602e-01
5.2596246e-01
5.5720142e-01
5.7442971e-01
5.7976361e-01
5.2544937e-01
3.8859414e-01
2.1926776e-01
1.0378238e-01
2.8953016e-02
-4.1001013e-02
-9.6455173e-02
-1.5969864e-01
-2.0731104e-01
-2.0806960e-01
-1.9921504e-01
-2.0917939e-01
-2.0890148e-01
-1.7548823e-01
-1.1663134e-01
-6.0319520e-02
-4.7761870e-02
-7.0149103e-02
-9.0788439e-02
-9.4232126e-02
-8.2714299e-02
-6.7239639e-02
-4.5255396e-02
2.0889525e-03
4.7181314e-02
2.9574841e-02
-3.1060969e-02
-6.3583053e-02
-3.2182822e-02
3.3480669e-02
4.2278895e-02
-3.0733863e-02
-9.8933037e-02
-9.6756376e-02
-3.8358777e-02
1.4658689e-02
5.6696406e-02
1.7309108e-01
3.6284759e-01
5.0727828e-01
5.1655035e-01
3.8631680e-01
1.7118160e-01
-6.8999629e-02
-2.8321195e-01
-4.3742014e-01
-5.2514635e-01
-5.5100208e-01
-5.1355633e-01
-4.0521089e-01
-2.4156675e-01
-6.0168509e-02
1.1231643e-01
2.5101665e-01
3.1427496e-01
3.3361487e-01
3.7175217e-01
4.1386428e-01
4.4911465e-01
4.4091621e-01
3.1033611e-01
6.7594757e-02
-1.6897284e-01
-3.2080636e-01
-4.1062837e-01
-4.6351851e-01
-4.6302366e-01
-3.8270537e-01
-2.1099915e-01
2.8591770e-02
2.3332017e-01
3.1897371e-01
3.4274174e-01
3.7691813e-01
3.9162644e-01
2.9635821e-01
8.8486585e-02
-1.0935115e-01
-2.2588374e-01
-2.8477539e-01
-3.1342105e-01
-3.0429233e-01
-2.4411441e-01
-1.3213752e-01
-3.7154881e-02
-3.1408019e-02
-4.3732231e-02
1.0528261e-02
1.3930036e-01
2.7498184e-01
2.9149390e-01
1.9416414e-01
1.1578637e-01
1.1394641e-01
1.1230402e-01
3.3540570e-02
-6.9222903e-02
-1.2556419e-01
-1.3038885e-01
-9.7349391e-02
-8.4922497e-02
-1.3342527e-01
-1.9373960e-01
-2.2206157e-01
-2.1895958e-01
-1.8366131e-01
-1.0492616e-01
2.8690209e-02
2.1614612e-01
3.8273831e-01
4.0465693e-01
3.0008668e-01
2.0363905e-01
1.3426762e-01
2.1703472e-02
-1.2333758e-01
-2.4607648e-01
-3.2620165e-01
-3.6324409e-01
-3.6484143e-01
-3.3298360e-01
-2.5413276e-01
-1.1119063e-01
9.0691908e-02
2.6561826e-01
3.1451850e-01
2.8707165e-01
3.0263724e-01
3.6497547e-01
3.7531671e-01
2.4902796e-01
2.1036840e-02
-1.7788514e-01
-2.7791544e-01
-2.8456525e-01
-2.2257323e-01
-1.1197337e-01
5.8193085e-02
2.3219143e-01
2.7004916e-01
1.5522058e-01
1.0760993e-02
-9.1110803e-02
-1.4882083e-01
-1.7688568e-01
-1.8855751e-01
-1.7618449e-01
-1.2778678e-01
-4.1014386e-02
3.9331701e-02
6.2777744e-02
6.8698523e-02
1.0986516e-01
1.6650896e-01
1.5750568e-01
5.4810662e-02
-6.3795201e-02
-1.4183021e-01
-1.7460696e-01
-1.6549011e-01
-1.1693653e-01
-2.4081699e-02
1.1556842e-01
2.3865295e-01
2.4295453e-01
1.3751620e-01
1.0228941e-02
-8.8990557e-02
-1.5059277e-01
-1.8066036e-01
-1.8555824e-01
-1.6072749e-01
-1.0049620e-01
-1.9976157e-02
2.9783436e-02
2.8820882e-02
2.6445218e-02
5.9089001e-02
1.3604136e-01
1.8990530e-01
1.4654227e-01
8.1439944e-02
7.8733859e-02
1.2758471e-01
1.2994473e-01
2.0321569e-02
-1.1001289e-01
-1.8682805e-01
-2.2127215e-01
-2.3252580e-01
-2.2502405e-01
-1.7956488e-01
-8.0328068e-02
1.1042587e-02
1.2268514e-02
-2.1633015e-02
8.1706007e-03
1.1824267e-01
2.2156147e-01
2.0032151e-01
9.5917822e-02
4.8072472e-02
1.0743071e-01
2.1066319e-01
2.7495606e-01
2.7462715e-01
2.3777888e-01
2.2983011e-01
2.4327562e-01
1.7762830e-01
2.3816705e-03
