1.9561762e-05
1.0903316e-04
1.7071578e-04
1.9424840e-04
1.8929314e-04
1.7109030e-04
1.4575150e-04
1.1387674e-04
8.0098822e-05
4.6373524e-05
1.0629500e-05
-1.8255078e-05
-3.9462524e-05
-1.0171804e-04
-2.5654189e-04
-4.7920032e-04
-7.3426719e-04
-1.0434759e-03
-1.3615861e-03
-1.5201309e-03
-1.3783031e-03
-8.9355844e-04
-7.5865985e-05
1.0072388e-03
2.2034818e-03
3.2340022e-03
3.6900084e-03
3.2732800e-03
2.0763634e-03
4.8161665e-04
-1.1265592e-03
-2.5323994e-03
-3.7771623e-03
-5.0200373e-03
-6.1782755e-03
-6.7785194e-03
-6.1858114e-03
-3.9608518e-03
-1.2110147e-04
4.7941975e-03
9.9097054e-03
1.4370243e-02
1.7603413e-02
1.9219944e-02
1.8670984e-02
1.5156178e-02
8.0111241e-03
-2.5901996e-03
-1.5011616e-02
-2.6399515e-02
-3.3963553e-02
-3.6079119e-02
-3.2458310e-02
-2.3900782e-02
-1.1985327e-02
1.2857108e-03
1.3826174e-02
2.3795816e-02
2.9841601e-02
3.1220017e-02
2.7932752e-02
2.0818424e-02
1.1451105e-02
1.7150135e-03
-6.9172752e-03
-1.3777094e-02
-1.8652548e-02
-2.1290491e-02
-2.1276576e-02
-1.8217586e-02
-1.2134804e-02
-3.8269717e-03
5.1932236e-03
1.3192682e-02
1.8847836e-02
2.1648406e-02
2.1845284e-02
2.0066068e-02
1.6856817e-02
1.2393367e-02
6.5382414e-03
-7.7152838e-04
-9.0089070e-03
-1.6845515e-02
-2.2635199e-02
-2.5251253e-02
-2.4468810e-02
-2.0752028e-02
-1.4997667e-02
-8.4613892e-03
-2.4846841e-03
2.0698489e-03
5.1241900e-03
7.1239742e-03
8.5430013e-03
9.6051215e-03
1.0327514e-02
1.0650235e-02
1.0480666e-02
9.7207431e-03
8.3385937e-03
6.4165612e-03
4.1188746e-03
1.6497490e-03
-7.3261479e-04
-2.7171428e-03
-4.0296228e-03
-4.5911112e-03
-4.6129160e-03
-4.4607171e-03
-4.3698089e-03
-4.2977852e-03
-4.0277697e-03
-3.3876549e-03
-2.3540116e-03
-9.9072157e-04
5.6216086e-04
1.9970135e-03
2.9130655e-03
3.1603249e-03
2.9509125e-03
2.4725484e-03
1.6734010e-03
5.2679412e-04
-7.2548443e-04
-1.6407832e-03
-1.8190962e-03
-1.1150539e-03
2.8091879e-04
1.9048665e-03
3.1971920e-03
3.7064918e-03
3.2012595e-03
1.7331389e-03
-3.1653865e-04
-2.3718453e-03
-3.9132777e-03
-4.6786328e-03
-4.8042466e-03
-4.6887794e-03
-4.4861775e-03
-3.7790055e-03
-1.9041431e-03
1.4360519e-03
5.8282589e-03
1.0124375e-02
1.2662023e-02
1.1682353e-02
5.8971384e-03
-4.3880060e-03
-1.6124895e-02
-2.4674245e-02
-2.6907398e-02
-2.2630067e-02
-1.3587967e-02
-2.1912267e-03
9.2431325e-03
1.8923271e-02
2.5654205e-02
2.8777526e-02
2.8197984e-02
2.4304987e-02
1.7809869e-02
9.7868716e-03
1.6988515e-03
-5.1684819e-03
-1.0474592e-02
-1.4719293e-02
-1.8398619e-02
-2.1445605e-02
-2.3243982e-02
-2.2842127e-02
-1.9307115e-02
-1.2370301e-02
-3.0967761e-03
6.0963967e-03
1.2641719e-02
1.5386206e-02
1.4880985e-02
1.2487868e-02
9.4609428e-03
6.5126955e-03
3.8822256e-03
1.6330719e-03
-1.5432169e-04
-1.3793173e-03
-1.9856214e-03
-2.0154509e-03
-1.6342933e-03
-1.0062177e-03
-1.5573562e-04
8.7605640e-04
1.8002831e-03
2.2146105e-03
1.9094519e-03
9.0501973e-04
-6.3422717e-04
-2.4224477e-03
-4.1391461e-03
-5.4594029e-03
-6.0322393e-03
-5.6350799e-03
-4.3719286e-03
-2.6982965e-03
-1.1976594e-03
-2.3287212e-04
1.1876021e-04
-1.1767654e-04
-7.4717023e-04
-1.2366964e-03
-9.7313846e-04
2.5718232e-04
2.1244609e-03
4.0485694e-03
5.6519764e-03
6.8809160e-03
7.5680537e-03
7.1418706e-03
5.1163148e-03
1.7374698e-03
-2.0085822e-03
-4.9253654e-03
-6.1420454e-03
-5.3461699e-03
-2.8932864e-03
1.3812413e-04
2.3610630e-03
2.9192880e-03
1.9948105e-03
4.5355384e-04
-9.6461730e-04
-1.9802008e-03
-2.5453983e-03
-2.7180871e-03
-2.6320893e-03
-2.2949808e-03
-1.5775444e-03
-5.2255586e-04
4.8441950e-04
9.7840302e-04
8.7258904e-04
5.3385066e-04
4.6650690e-04
1.0803159e-03
2.5562751e-03
4.7019671e-03
6.8792957e-03
8.1046875e-03
7.4861584e-03
4.8325051e-03
9.0248980e-04
-3.0032316e-03
-5.8144389e-03
-7.1812774e-03
-7.4019141e-03
-7.0367530e-03
-6.5705840e-03
-6.2523614e-03
-5.9869164e-03
-5.3894656e-03
-4.1516442e-03
-2.3618194e-03
-4.5774027e-04
1.0793184e-03
2.0098281e-03
2.3712502e-03
2.3514630e-03
2.2138782e-03
2.2530061e-03
2.6940501e-03
3.5591350e-03
4.6302958e-03
5.5589395e-03
6.0485908e-03
6.0427115e-03
5.6820915e-03
4.9778359e-03
3.6826423e-03
1.6340829e-03
-8.1726602e-04
-2.8785222e-03
-3.9834329e-03
-4.2473081e-03
-4.0870171e-03
-3.7431383e-03
-3.3207251e-03
-2.8620591e-03
-2.2430252e-03
-1.2597389e-03
3.4079532e-05
1.1604069e-03
1.5754761e-03
1.1920027e-03
4.0207294e-04
-3.4884133e-04
-8.6691490e-04
-1.2103497e-03
-1.5303511e-03
-1.8541880e-03
-2.0036664e-03
-1.8064594e-03
-1.3350827e-03
-7.6519543e-04
-1.0506744e-04
6.7545283e-04
1.4020056e-03
1.8598297e-03
2.0827377e-03
2.2630602e-03
2.4373988e-03
2.4050366e-03
1.9468297e-03
1.0697916e-03
1.5268057e-05
-9.4606543e-04
-1.6620334e-03
-2.0853990e-03
-2.2348577e-03
-2.1467172e-03
-1.8021717e-03
-1.2074944e-03
-5.1135367e-04
1.1504241e-04
6.2218299e-04
1.0367101e-03
1.3767684e-03
1.6186139e-03
1.6881576e-03
1.5120565e-03
1.1033902e-03
5.8918649e-04
1.5960251e-04
-2.4075752e-05
1.0700885e-04
4.7427281e-04
8.0693186e-04
7.9273878e-04
3.5793330e-04
-2.9637510e-04
-9.4229456e-04
-1.4553914e-03
-1.6970931e-03
-1.5046845e-03
-8.7484331e-04
-5.7818498e-05
5.7484129e-04
7.8239142e-04
5.6997923e-04
7.8373640e-05
-5.2302222e-04
-1.0314370e-03
-1.2486330e-03
-1.0924333e-03
-6.5803023e-04
-1.7460968e-04
1.2837092e-04
1.7794880e-04
9.6774836e-05
6.6217900e-05
1.5652313e-04
2.7274846e-04
2.6245265e-04
1.1087165e-04
-1.2565671e-05
8.4777062e-05
4.6310174e-04
9.8895438e-04
1.3952097e-03
1.4844290e-03
1.2689794e-03
9.3105703e-04
7.0046614e-04
6.7015851e-04
6.5719421e-04
3.4223565e-04
-3.8167289e-04
-1.2853344e-03
-2.0400474e-03
-2.4260000e-03
-2.3686053e-03
-1.9472157e-03
-1.3309743e-03
-6.7374234e-04
-8.6479219e-05
3.5241470e-04
6.1465558e-04
7.4711614e-04
8.1930832e-04
8.4809551e-04
8.2642081e-04
7.7708604e-04
7.2676878e-04
6.4297469e-04
4.5947116e-04
2.0806416e-04
2.7873020e-05
-6.8299479e-06
3.5573898e-05
3.9151557e-05
-5.7887695e-05
-1.9783943e-04
-2.1822553e-04
-1.2065061e-05
3.3240513e-04
5.7376469e-04
5.0396946e-04
1.3574875e-04
-3.0565607e-04
-5.9945721e-04
-6.7140012e-04
-5.1095336e-04
-1.2797847e-04
3.2379899e-04
5.4959833e-04
3.8298182e-04
-3.2794984e-05
-4.3545597e-04
-6.7665526e-04
-7.1261190e-04
-5.4545011e-04
-2.0524258e-04
2.3170188e-04
6.0905639e-04
8.1776272e-04
9.3724732e-04
1.0936465e-03
1.2377450e-03
1.1880967e-03
8.1943750e-04
1.3292858e-04
-7.4695460e-04
-1.6310297e-03
-2.4013291e-03
-3.0123795e-03
-3.3286628e-03
-3.0996336e-03
-2.2065493e-03
-9.1410923e-04
2.3943198e-04
8.8717349e-04
1.1244384e-03
1.3166790e-03
1.6813641e-03
2.0985256e-03
2.3421151e-03
2.4049968e-03
2.3941430e-03
2.2364555e-03
1.7718694e-03
1.0066877e-03
1.1474851e-04
-7.2397946e-04
-1.4214320e-03
-1.8852537e-03
-1.9488002e-03
-1.5665715e-03
-9.4588142e-04
-3.6324134e-04
5.5638570e-05
3.5211271e-04
5.9932453e-04
7.7622142e-04
7.6866055e-04
4.7398556e-04
-7.8529636e-05
-6.6559331e-04
-1.0104736e-03
-1.0228773e-03
-7.3257500e-04
-1.2262918e-04
6.7802409e-04
1.2625685e-03
1.2647889e-03
6.9235300e-04
-7.8367242e-05
-5.9069671e-04
-6.7689994e-04
-5.1811727e-04
-3.2641953e-04
-1.2952713e-04
1.2120650e-04
3.9852941e-04
6.1175414e-04
6.9143315e-04
6.2091426e-04
4.1758396e-04
8.3209025e-05
-3.8747335e-04
-9.1587043e-04
-1.3939306e-03
-1.8377579e-03
-2.2950703e-03
-2.6380356e-03
-2.6544986e-03
-2.3109932e-03
-1.7399203e-03
-1.0010516e-03
-2.0977121e-05
1.2367368e-03
2.6256982e-03
3.8565325e-03
4.6560070e-03
4.8717354e-03
4.4907264e-03
3.6085169e-03
2.3568464e-03
8.8507354e-04
-5.8650145e-04
-1.8023337e-03
-2.6086416e-03
-2.9760996e-03
-2.9319706e-03
-2.5696964e-03
-2.0397107e-03
-1.4844858e-03
-1.0004671e-03
-6.1340527e-04
-2.7180844e-04
8.8191138e-05
3.7831352e-04
3.4366818e-04
-1.1712958e-04
-7.4738173e-04
-1.1223258e-03
-9.2915348e-04
-1.3730666e-04
9.8312995e-04
1.9855860e-03
2.4928155e-03
2.4053738e-03
1.7930984e-03
7.6464990e-04
-3.8148660e-04
-1.1900345e-03
-1.4135291e-03
-1.1150040e-03
-3.5902017e-04
9.2517828e-04
2.6513471e-03
4.3454700e-03
5.4130245e-03
5.5875325e-03
4.9983066e-03
3.9077289e-03
2.4896873e-03
8.0338768e-04
-1.1713486e-03
-3.6184680e-03
-6.7901718e-03
-1.0461943e-02
-1.3592014e-02
-1.4932845e-02
-1.4028163e-02
-1.1402095e-02
-7.8873288e-03
-4.0517667e-03
-2.3768312e-04
3.2507807e-03
6.2589845e-03
8.8127568e-03
1.0813550e-02
1.1956635e-02
1.2067702e-02
1.1206858e-02
9.4134445e-03
6.7184265e-03
3.5635073e-03
1.0576529e-03
4.3477892e-04
1.9563841e-03
4.5139037e-03
6.3716835e-03
6.0613124e-03
2.8461836e-03
-2.7929067e-03
-8.8989533e-03
-1.3101136e-02
-1.4363067e-02
-1.3397883e-02
-1.1526077e-02
-9.5063045e-03
-7.3667106e-03
-4.9525219e-03
-2.2925926e-03
4.9531971e-04
3.2667104e-03
5.7776058e-03
7.7882125e-03
9.1401984e-03
9.5995113e-03
8.8781641e-03
6.9740299e-03
4.2815075e-03
1.4562250e-03
-5.5530133e-04
-8.4196173e-04
5.6687497e-04
2.3801264e-03
2.8899420e-03
1.2102893e-03
-2.1244226e-03
-5.7491364e-03
-8.5408212e-03
-1.0007357e-02
-1.0061203e-02
-8.8548798e-03
-6.7677144e-03
-4.3043978e-03
-1.8891133e-03
2.5919594e-04
2.0931125e-03
3.6088197e-03
4.7773189e-03
5.5927947e-03
6.0690425e-03
6.1995487e-03
6.0333809e-03
5.6926206e-03
5.2227040e-03
4.5196857e-03
3.4602068e-03
2.0515047e-03
4.2855240e-04
-1.1936337e-03
-2.5224556e-03
-3.2468733e-03
-3.2066688e-03
-2.6150997e-03
-2.0083909e-03
-1.8022091e-03
-2.0219397e-03
-2.4499004e-03
-2.8189195e-03
-2.9014844e-03
-2.5750491e-03
-1.9165635e-03
-1.1768914e-03
-5.2721874e-04
6.2541665e-05
6.3866496e-04
1.1122966e-03
1.3458040e-03
1.3342171e-03
1.2626752e-03
1.3524551e-03
1.6324778e-03
1.9326715e-03
2.1358889e-03
2.3147925e-03
2.5697953e-03
2.8141933e-03
2.7541864e-03
2.1167046e-03
9.3927365e-04
-4.2727920e-04
-1.6391962e-03
-2.5861149e-03
-3.2680425e-03
-3.6327221e-03
-3.6818455e-03
-3.5672336e-03
-3.4140789e-03
-3.1916394e-03
-2.7951793e-03
-2.1416168e-03
-1.3008295e-03
-5.8753550e-04
-3.3758280e-04
-5.4556656e-04
-8.4641896e-04
-8.1783959e-04
-1.8941358e-04
1.0736460e-03
2.7159353e-03
4.3381880e-03
5.6099051e-03
6.2741903e-03
6.1740480e-03
5.4189072e-03
4.3156361e-03
3.0704610e-03
1.7675227e-03
6.3274286e-04
1.3145674e-05
8.7376703e-06
3.9297929e-04
8.9439639e-04
1.2756233e-03
1.2247513e-03
4.3084760e-04
-1.2108619e-03
-3.5903593e-03
-6.6265382e-03
-1.0336461e-02
-1.4520185e-02
-1.8396552e-02
-2.0476185e-02
-1.8897629e-02
-1.2365215e-02
-1.3926968e-03
1.1107840e-02
2.1223884e-02
2.6500077e-02
2.6693784e-02
2.2895967e-02
1.6734176e-02
9.8733848e-03
3.7417411e-03
-6.7712722e-04
-3.1452183e-03
-4.0866188e-03
-4.0772279e-03
-3.4994984e-03
-2.7356048e-03
-2.5021927e-03
-3.6273043e-03
-6.4275787e-03
-1.0336926e-02
-1.4086762e-02
-1.6389036e-02
-1.6680698e-02
-1.5363461e-02
-1.3411382e-02
-1.1781291e-02
-1.1088170e-02
-1.1423333e-02
-1.2106550e-02
-1.1671987e-02
-8.4878059e-03
-1.7706287e-03
8.0193700e-03
1.9713600e-02
3.1884780e-02
4.2896117e-02
5.1274655e-02
5.6156881e-02
5.6968694e-02
5.2801401e-02
4.2616950e-02
2.6342165e-02
5.7572614e-03
-1.6034424e-02
-3.6314171e-02
-5.3634752e-02
-6.7070616e-02
-7.5384398e-02
-7.7056538e-02
-7.0614688e-02
-5.5276514e-02
-3.2580643e-02
-7.4409498e-03
1.4420509e-02
3.0292507e-02
4.0251800e-02
4.4675365e-02
4.3774728e-02
3.8209958e-02
2.9135010e-02
1.8240192e-02
7.7699456e-03
-1.4590519e-04
-4.4137593e-03
-5.2331521e-03
-3.6259253e-03
-7.2049889e-04
2.6739113e-03
5.7992716e-03
7.4901329e-03
6.5460640e-03
2.8038682e-03
-2.4086025e-03
-7.1631066e-03
-1.0278118e-02
-1.1780552e-02
-1.2329837e-02
-1.2474020e-02
-1.2303820e-02
-1.1419621e-02
-9.1631188e-03
-5.1586235e-03
1.3142130e-04
5.3216444e-03
8.7224325e-03
9.3155915e-03
7.3702401e-03
4.2601055e-03
1.6076438e-03
3.9909163e-04
7.0597976e-04
2.0144865e-03
3.6405691e-03
4.8277128e-03
4.7770348e-03
3.0167583e-03
-1.0331193e-04
-3.3903966e-03
-5.4419892e-03
-5.4384203e-03
-3.4941058e-03
-5.1219780e-04
2.1461977e-03
3.3202331e-03
2.9045916e-03
1.8660935e-03
1.2159050e-03
1.0604552e-03
7.2805666e-04
-3.1134196e-04
-1.9014820e-03
-3.3637155e-03
-3.9486846e-03
-3.3762567e-03
-2.1465413e-03
-1.2847252e-03
-1.5196681e-03
-2.4359416e-03
-2.5699388e-03
-6.5487402e-04
3.0710757e-03
6.8474054e-03
8.7562044e-03
8.0782981e-03
5.5339584e-03
2.5204849e-03
3.3478418e-05
-1.8092492e-03
-3.2364935e-03
-4.1066608e-03
-3.9352751e-03
-2.6069304e-03
-9.5588970e-04
-3.2836814e-04
-1.3270067e-03
-3.1451218e-03
-4.3306730e-03
-4.2089527e-03
-3.4604606e-03
-3.2776111e-03
-4.0596851e-03
-5.0032576e-03
-4.9115024e-03
-3.3243607e-03
-9.1009188e-04
1.2682218e-03
2.8656247e-03
4.4776082e-03
6.8037333e-03
9.6938142e-03
1.2022892e-02
1.2570764e-02
1.0980296e-02
7.7790969e-03
3.8028639e-03
-1.4887844e-04
-3.4647765e-03
-5.7495741e-03
-6.7433911e-03
-6.4712150e-03
-5.3870114e-03
-4.1392471e-03
-3.2242121e-03
-2.7868268e-03
-2.5898589e-03
-2.2297159e-03
-1.4598036e-03
-3.6937124e-04
6.1414959e-04
9.7849714e-04
5.1921023e-04
-5.2750038e-04
-1.6807454e-03
-2.4736858e-03
-2.6165998e-03
-2.0523951e-03
-8.9883120e-04
6.2598791e-04
2.2821820e-03
3.8387156e-03
4.9662990e-03
5.3220671e-03
4.8593998e-03
3.8434461e-03
2.6057826e-03
1.4903474e-03
8.1930323e-04
6.5864799e-04
7.2973159e-04
6.1147001e-04
4.8945684e-05
-9.1651754e-04
-2.1381940e-03
-3.5214425e-03
-4.9969344e-03
-6.4737544e-03
-7.7472409e-03
-8.5318696e-03
-8.6393651e-03
-7.9771030e-03
-6.4445309e-03
-3.9694577e-03
-6.6597061e-04
3.0012706e-03
6.2838823e-03
8.5839286e-03
9.8347610e-03
1.0335228e-02
1.0348714e-02
9.9751974e-03
9.1425233e-03
7.6089800e-03
5.1972938e-03
2.0975355e-03
-1.1017043e-03
-3.6061252e-03
-4.7359461e-03
-4.3991084e-03
-3.3357939e-03
-2.6858111e-03
-3.1913208e-03
-4.8095225e-03
-6.9142374e-03
-8.5638441e-03
-8.8150898e-03
-7.2640713e-03
-4.3023382e-03
-8.8983051e-04
1.9560088e-03
3.7318685e-03
4.5189635e-03
4.5933887e-03
4.2205951e-03
3.6618265e-03
3.1162695e-03
2.6383215e-03
2.1382092e-03
1.4982976e-03
7.4220505e-04
8.4196200e-05
-2.1031226e-04
-3.1648552e-05
4.2403125e-04
7.1700407e-04
5.2588547e-04
-1.0605472e-04
-9.5153374e-04
-1.7950714e-03
-2.4237167e-03
-2.6722918e-03
-2.5391067e-03
-2.1566248e-03
-1.6422754e-03
-1.0821661e-03
-6.1153714e-04
-3.2658520e-04
-1.3304710e-04
1.2408881e-04
3.7763172e-04
4.1836751e-04
2.1761608e-04
-5.3168769e-05
-1.9084020e-04
-4.1229011e-06
6.5685877e-04
1.7613667e-03
3.0097573e-03
3.9959518e-03
4.4324448e-03
4.1501370e-03
3.0570832e-03
1.3087770e-03
-5.7491902e-04
-1.9717017e-03
-2.5722402e-03
-2.4885789e-03
-1.9984832e-03
-1.3252857e-03
-7.0119976e-04
-4.3261412e-04
-6.6498642e-04
-1.1555326e-03
-1.5006905e-03
-1.5005355e-03
-1.2040575e-03
-8.1922983e-04
-5.8607986e-04
-5.6702415e-04
-6.1788375e-04
-5.5701296e-04
-2.7484100e-04
2.1325538e-04
7.7174984e-04
1.2817409e-03
1.7053802e-03
2.0049427e-03
2.1119700e-03
1.9786276e-03
1.6366084e-03
1.1772079e-03
6.6229874e-04
1.3044847e-04
-3.4922263e-04
-7.4169019e-04
-1.0869008e-03
-1.3772085e-03
-1.4855591e-03
-1.3039905e-03
-9.1848430e-04
-5.7459739e-04
-4.3539790e-04
-4.7000673e-04
-6.0667278e-04
-8.2525467e-04
-1.0950992e-03
-1.3545279e-03
-1.5403191e-03
-1.6226921e-03
-1.6462642e-03
-1.6510968e-03
-1.4783820e-03
-8.1111996e-04
4.8078003e-04
2.1488170e-03
3.7447393e-03
4.9174287e-03
5.5157700e-03
5.4629442e-03
4.6891142e-03
3.2382310e-03
1.3539326e-03
-5.4688282e-04
-1.9850360e-03
-2.6862714e-03
-2.8232116e-03
-2.7729392e-03
-2.6816083e-03
-2.4910737e-03
-2.1361893e-03
-1.5223025e-03
-5.7342407e-04
5.7244838e-04
1.5202842e-03
1.8612282e-03
1.4853855e-03
5.9998816e-04
-4.7942745e-04
-1.4672286e-03
-2.1811702e-03
-2.5361657e-03
-2.4272230e-03
-1.7502454e-03
-6.1531946e-04
6.7158154e-04
1.8842567e-03
2.8905217e-03
3.5192368e-03
3.6626485e-03
3.3631824e-03
2.7071632e-03
1.7307159e-03
4.5397569e-04
-1.0032019e-03
-2.3948027e-03
-3.4952102e-03
-4.1068054e-03
-3.9478222e-03
-2.9842095e-03
-1.7931674e-03
-1.1477106e-03
-1.3477660e-03
-2.1223026e-03
-3.0167853e-03
-3.7148523e-03
-3.9263885e-03
-3.1303726e-03
-8.7180727e-04
2.5450769e-03
6.0506954e-03
8.6649362e-03
1.0056953e-02
1.0233769e-02
9.1743762e-03
7.0048955e-03
4.1733679e-03
1.1633864e-03
-1.7949403e-03
-4.5001231e-03
-6.4587790e-03
-7.1630943e-03
-6.5871217e-03
-5.1325848e-03
-3.3123784e-03
-1.6783304e-03
-7.1404696e-04
-5.7228888e-04
-1.0087937e-03
-1.5433623e-03
-1.7464442e-03
-1.5310530e-03
-1.0404523e-03
-3.1127290e-04
6.9094014e-04
1.8675356e-03
2.9666564e-03
3.7165561e-03
3.9984625e-03
3.7688504e-03
2.8873898e-03
1.3142088e-03
-5.8990694e-04
-2.1923128e-03
-3.0188202e-03
-2.9321171e-03
-2.0192131e-03
-5.9791038e-04
7.8267992e-04
1.6186260e-03
1.7523988e-03
1.4574855e-03
1.2639870e-03
1.6155402e-03
2.5870642e-03
3.7505544e-03
4.2001369e-03
2.8553036e-03
-7.1975760e-04
-5.4814365e-03
-9.4115520e-03
-1.1092744e-02
-1.0482657e-02
-8.4478286e-03
-5.9617307e-03
-3.5523322e-03
-1.2259620e-03
1.2825793e-03
4.1649097e-03
7.1915537e-03
9.7748098e-03
1.1375962e-02
1.1646875e-02
1.0415289e-02
7.8571767e-03
4.6151824e-03
1.5054206e-03
-9.6746160e-04
-2.6997072e-03
-3.7492610e-03
-4.2679508e-03
-4.5378319e-03
-4.8396465e-03
-5.2672677e-03
-5.6115195e-03
-5.3973881e-03
-4.2789572e-03
-2.5121883e-03
-8.2578839e-04
2.7605875e-04
9.1505475e-04
1.4809749e-03
2.0879516e-03
2.4657435e-03
2.2573717e-03
1.3940523e-03
1.9721880e-04
-8.1192441e-04
-1.2108431e-03
-9.8776063e-04
-4.8415796e-04
9.4394849e-05
8.3002113e-04
1.7463307e-03
2.6384666e-03
3.2194952e-03
3.3003914e-03
2.8794266e-03
2.0647986e-03
9.3536144e-04
-4.8414766e-04
-2.1859447e-03
-4.0925113e-03
-5.8950965e-03
-7.0166229e-03
-6.9116869e-03
-5.5374794e-03
-3.4279493e-03
-1.2041454e-03
8.7427861e-04
2.8796394e-03
4.9005188e-03
6.7350626e-03
7.8695026e-03
7.8924574e-03
6.8857510e-03
5.2591215e-03
3.3334501e-03
1.2275872e-03
-1.0012798e-03
-3.1825288e-03
-4.9627460e-03
-6.0283807e-03
-6.3309312e-03
-5.8848887e-03
-4.5147456e-03
-2.1415101e-03
7.6982521e-04
3.3499945e-03
4.8447761e-03
4.8660343e-03
3.3109602e-03
2.6027776e-04
-3.8839984e-03
-8.2078857e-03
-1.1528021e-02
-1.2901166e-02
-1.1843578e-02
-8.2815252e-03
-2.5163980e-03
4.7835150e-03
1.2606551e-02
1.9719711e-02
2.4992519e-02
2.7658275e-02
2.7157451e-02
2.2719686e-02
1.3451516e-02
-2.6106112e-04
-1.5149591e-02
-2.6260952e-02
-3.0452525e-02
-2.7841478e-02
-2.0555206e-02
-1.1441348e-02
-3.2708746e-03
2.0233829e-03
3.8910868e-03
3.1379601e-03
1.0743576e-03
-1.4048255e-03
-3.9914152e-03
-6.6288855e-03
-8.9821400e-03
-1.0118103e-02
-8.9502854e-03
-5.0829530e-03
8.9084255e-04
7.8722523e-03
1.4807773e-02
2.0657657e-02
2.4125225e-02
2.3893219e-02
1.9573795e-02
1.2634011e-02
5.7491852e-03
7.8148839e-04
-2.1858875e-03
-4.0564694e-03
-5.6117215e-03
-7.0544347e-03
-8.2299320e-03
-8.9506978e-03
-9.0591176e-03
-8.5120461e-03
-7.5307907e-03
-6.4614202e-03
-5.4202421e-03
-4.2133026e-03
-2.6246583e-03
-6.9595715e-04
1.2647384e-03
2.8312366e-03
3.6074487e-03
3.4679527e-03
2.6959556e-03
1.6742280e-03
5.8220496e-04
-4.6789751e-04
-1.3052201e-03
-1.8534437e-03
-2.1717010e-03
-2.1824745e-03
-1.5430209e-03
-3.9982715e-05
1.9207368e-03
3.4277686e-03
3.7806131e-03
3.0039516e-03
1.6498708e-03
3.4258691e-04
-4.6162398e-04
-5.8592925e-04
-1.3147635e-04
6.5163792e-04
1.4994911e-03
2.3562983e-03
3.4912679e-03
5.1349971e-03
6.9070525e-03
7.7037781e-03
6.2692464e-03
1.9251937e-03
-4.8665895e-03
-1.2247400e-02
-1.7824878e-02
-2.0178712e-02
-1.9235972e-02
-1.5585063e-02
-9.9632697e-03
-3.2321902e-03
3.6453232e-03
9.8174637e-03
1.4596059e-02
1.7458390e-02
1.8175760e-02
1.6827735e-02
1.3746245e-02
9.5569820e-03
5.1352090e-03
1.2899155e-03
-1.5954246e-03
-3.6069021e-03
-4.9658822e-03
-5.7247653e-03
-5.9133321e-03
-5.8018241e-03
-5.8072658e-03
-6.0646648e-03
-6.0474756e-03
-4.9594951e-03
-2.7443041e-03
-3.5002521e-04
1.1230118e-03
1.2544646e-03
3.4387444e-04
-1.0134297e-03
-2.2000179e-03
-2.6944725e-03
-2.3198075e-03
-1.3072731e-03
2.4352961e-05
1.4616337e-03
2.8064093e-03
3.8358237e-03
4.3447518e-03
4.1903101e-03
3.3719430e-03
2.0076175e-03
2.5535014e-04
-1.5364076e-03
-2.7761544e-03
-3.0308503e-03
-2.3759184e-03
-1.2026989e-03
2.3000061e-04
1.8619902e-03
3.4773165e-03
4.5536510e-03
4.6110999e-03
3.6699202e-03
2.1896517e-03
5.3875390e-04
-1.1876888e-03
-2.8396640e-03
-4.0803869e-03
-4.6479996e-03
-4.5697570e-03
-4.0972417e-03
-3.4712623e-03
-2.7617278e-03
-1.9005537e-03
-8.0451047e-04
5.1322137e-04
1.8752787e-03
2.9571089e-03
3.4859062e-03
3.4801291e-03
3.1636781e-03
2.6320893e-03
1.7211194e-03
3.0511708e-04
-1.2850790e-03
-2.3370729e-03
-2.3501115e-03
-1.4874838e-03
-3.0715935e-04
9.3508537e-04
2.3081152e-03
3.5478251e-03
4.0072832e-03
3.3494624e-03
1.9340615e-03
4.1736808e-04
-9.1070252e-04
-2.1702044e-03
-3.4254461e-03
-4.5506960e-03
-5.4074456e-03
-5.8105126e-03
-5.3894458e-03
-3.7945552e-03
-1.1414462e-03
1.8680751e-03
4.2779317e-03
5.3638637e-03
4.9759545e-03
3.5005131e-03
1.5657887e-03
-2.3167941e-04
-1.5434231e-03
-2.2741334e-03
-2.3796533e-03
-1.8428470e-03
-7.9442611e-04
4.5950388e-04
1.5049702e-03
2.0374854e-03
1.9907426e-03
1.4498789e-03
7.1233694e-04
2.9526503e-04
5.7538936e-04
1.4767945e-03
2.4706207e-03
2.8188645e-03
2.0172403e-03
1.6059438e-04
-2.0990461e-03
-4.0094700e-03
-5.1608723e-03
-5.4290898e-03
-4.6987572e-03
-2.9527062e-03
-4.7418497e-04
2.2445249e-03
4.6174935e-03
5.9666527e-03
5.6718632e-03
3.5822795e-03
3.2507996e-04
-2.9417745e-03
-5.1269680e-03
-5.7076310e-03
-4.8346486e-03
-3.0041982e-03
-7.5230224e-04
1.4039659e-03
2.9962286e-03
3.7425962e-03
3.6505708e-03
2.9167968e-03
1.7539641e-03
3.5073839e-04
-1.0130294e-03
-1.9579105e-03
-2.2214106e-03
-1.7906572e-03
-7.9129463e-04
6.4722369e-04
2.2763885e-03
3.5613487e-03
3.9538024e-03
3.4320227e-03
2.5423446e-03
1.8121151e-03
1.3318881e-03
8.7130363e-04
1.0639447e-04
-1.1318789e-03
-2.6287210e-03
-3.9778452e-03
-4.9412320e-03
-5.4460496e-03
-5.4886177e-03
-5.1870216e-03
-4.7127638e-03
-4.1312048e-03
-3.4212618e-03
-2.6336587e-03
-1.9218049e-03
-1.3793824e-03
-8.9275948e-04
-1.5034763e-04
1.1781330e-03
3.2627464e-03
6.0565065e-03
9.1820473e-03
1.1933539e-02
1.3604504e-02
1.3731514e-02
1.2177127e-02
9.2810797e-03
5.6676116e-03
1.6689610e-03
-2.7570219e-03
-7.4776567e-03
-1.1930185e-02
-1.5504019e-02
-1.7903459e-02
-1.8903967e-02
-1.7806054e-02
-1.3644490e-02
-6.4677446e-03
1.8150297e-03
8.5619059e-03
1.2345661e-02
1.3318051e-02
1.2185805e-02
9.6027862e-03
6.2988036e-03
3.0883479e-03
4.5566356e-04
-1.5845002e-03
-2.9922862e-03
-3.4019312e-03
-2.5592137e-03
-7.8486588e-04
1.2251019e-03
2.9172561e-03
4.1652635e-03
5.2511318e-03
6.5007473e-03
7.7222765e-03
8.1018903e-03
6.7967838e-03
3.4776187e-03
-1.6919001e-03
-8.0303264e-03
-1.4111992e-02
-1.8216243e-02
-1.9344859e-02
-1.7689880e-02
-1.4216734e-02
-9.9302300e-03
-5.5140208e-03
-1.4612977e-03
1.8707129e-03
4.4853050e-03
6.6797713e-03
8.5829798e-03
9.9898261e-03
1.0692322e-02
1.0742696e-02
1.0365428e-02
9.7806382e-03
9.0973863e-03
8.3272476e-03
7.4916723e-03
6.5731344e-03
5.4427229e-03
3.9237136e-03
1.6954801e-03
-1.5637607e-03
-5.4867593e-03
-8.9829842e-03
-1.1184242e-02
-1.1948649e-02
-1.1533964e-02
-1.0219641e-02
-8.1955140e-03
-5.6467538e-03
-2.8651333e-03
-1.5668600e-04
2.3261497e-03
4.5001983e-03
6.1118242e-03
6.7093036e-03
5.9799285e-03
4.1393156e-03
1.8182998e-03
-4.5607671e-04
-2.4862053e-03
-4.1779392e-03
-5.3339942e-03
-5.6865785e-03
-4.9492884e-03
-2.9269058e-03
7.8191922e-05
3.0636461e-03
4.9185536e-03
5.2189922e-03
4.3491705e-03
3.0230677e-03
1.8212811e-03
1.0561306e-03
7.9570437e-04
8.3982151e-04
7.8065064e-04
3.3363017e-04
-4.1655864e-04
-1.2796992e-03
-2.2111760e-03
-3.0933090e-03
-3.5806965e-03
-3.2507039e-03
-1.8412944e-03
4.6954889e-04
3.0719270e-03
5.3507175e-03
6.9087117e-03
7.3242239e-03
6.0197397e-03
2.7285476e-03
-1.8291428e-03
-6.1051070e-03
-8.7831293e-03
-9.4366064e-03
-8.2295458e-03
-5.5264674e-03
-1.9513893e-03
1.6472212e-03
4.6101403e-03
6.7051855e-03
7.9445458e-03
8.3496629e-03
7.9671231e-03
7.0002046e-03
5.6520031e-03
3.7742631e-03
8.7995724e-04
-3.3375935e-03
-8.4839373e-03
-1.3548932e-02
-1.7420086e-02
-1.9158083e-02
-1.7932112e-02
-1.3056534e-02
-4.7113335e-03
5.1837330e-03
1.3642183e-02
1.8469077e-02
1.9155553e-02
1.6485337e-02
1.1799304e-02
6.3910124e-03
1.2205887e-03
-3.0622311e-03
-6.0646997e-03
-7.7660366e-03
-8.5063095e-03
-8.6261646e-03
-8.1277876e-03
-6.7839061e-03
-4.5209821e-03
-1.4996551e-03
2.0736161e-03
5.9211029e-03
9.5382544e-03
1.2188879e-02
1.3035783e-02
1.1391346e-02
7.0070693e-03
4.3467869e-04
-6.6147867e-03
-1.1831254e-02
-1.3771593e-02
-1.2479162e-02
-8.8468321e-03
-4.0025613e-03
8.6343835e-04
4.7553276e-03
7.2528327e-03
8.4112107e-03
8.3164423e-03
7.1076348e-03
5.2655665e-03
3.4202060e-03
1.7891566e-03
1.3943989e-05
-2.3043131e-03
-5.1288646e-03
-8.1600683e-03
-1.1096590e-02
-1.3532974e-02
-1.4797262e-02
-1.3987433e-02
-1.0294377e-02
-3.7668859e-03
4.0229774e-03
1.0709514e-02
1.4737969e-02
1.5829703e-02
1.4392007e-02
1.1138822e-02
7.0179522e-03
3.0159371e-03
-1.8274103e-04
-2.3270680e-03
-3.5333269e-03
-4.1638610e-03
-4.5169581e-03
-4.5333397e-03
-3.8866730e-03
-2.4211757e-03
-3.8363837e-04
1.8440198e-03
3.9611912e-03
5.6776915e-03
6.6825454e-03
6.6728044e-03
5.3518661e-03
2.4336661e-03
-2.0476381e-03
-7.1409038e-03
-1.1175223e-02
-1.2919160e-02
-1.2300580e-02
-1.0148889e-02
-7.4725296e-03
-4.8262936e-03
-2.2305253e-03
4.5496859e-04
3.2279260e-03
5.9410653e-03
8.3980831e-03
1.0375044e-02
1.1593329e-02
1.1718050e-02
1.0449708e-02
7.6549384e-03
3.5018402e-03
-1.4988507e-03
-6.6678637e-03
-1.1195905e-02
-1.4001969e-02
-1.4017504e-02
-1.0826790e-02
-5.0741060e-03
1.5996018e-03
7.2059190e-03
1.0361333e-02
1.0806174e-02
9.1157239e-03
6.0172186e-03
2.1448605e-03
-1.6750547e-03
-4.4514690e-03
-5.5953468e-03
-5.2338643e-03
-3.9449815e-03
-2.3870577e-03
-1.0939041e-03
-3.2994122e-04
3.1808963e-05
4.7288290e-04
1.5391970e-03
3.4482872e-03
5.8913945e-03
8.1384784e-03
9.3338775e-03
8.8234068e-03
6.3181274e-03
1.9934913e-03
-3.3121164e-03
-8.3030671e-03
-1.1919342e-02
-1.3647534e-02
-1.3360829e-02
-1.1250076e-02
-7.8403723e-03
-3.9039915e-03
-2.2932502e-04
2.6048078e-03
4.2344414e-03
4.4930941e-03
3.5488922e-03
1.9306287e-03
3.2541201e-04
-6.5096540e-04
-5.9493417e-04
5.6616994e-04
2.4824184e-03
4.5148018e-03
6.0914491e-03
6.9196251e-03
6.9266916e-03
6.1723743e-03
4.8089066e-03
3.0209042e-03
1.0155351e-03
-9.0335847e-04
-2.3532713e-03
-3.0700815e-03
-3.0941236e-03
-2.7465354e-03
-2.3999991e-03
-2.1974501e-03
-1.9147166e-03
-1.1686575e-03
1.0246287e-04
1.4117143e-03
2.0307319e-03
1.5151445e-03
6.8979029e-05
-1.5956170e-03
-2.8699883e-03
-3.6237022e-03
-4.0407861e-03
-4.2964823e-03
-4.2896926e-03
-3.6337044e-03
-2.0505291e-03
2.8373365e-04
2.8006913e-03
4.8206471e-03
5.8773442e-03
5.8660479e-03
4.9374312e-03
3.4209357e-03
1.6602044e-03
-3.0233828e-04
-2.5880720e-03
-4.9887547e-03
-6.9248202e-03
-7.8647506e-03
-7.6940962e-03
-6.6893090e-03
-5.0996797e-03
-2.9549372e-03
-2.8968616e-04
2.7511880e-03
5.9447998e-03
9.0049424e-03
1.1578741e-02
1.3082625e-02
1.2682478e-02
9.7895262e-03
4.7698708e-03
-8.6303787e-04
-5.3222999e-03
-7.7319114e-03
-8.2291114e-03
-7.2369483e-03
-5.1382361e-03
-2.5598125e-03
-4.2934315e-04
6.4707404e-04
8.6067889e-04
8.6153532e-04
1.0466119e-03
1.2441885e-03
1.1490831e-03
8.1045711e-04
4.1480341e-04
-1.1948286e-04
-1.0401356e-03
-2.3890868e-03
-3.9191693e-03
-5.3175420e-03
-6.3276559e-03
-6.6628128e-03
-5.9445751e-03
-3.8926613e-03
-7.1399443e-04
2.8592013e-03
6.0642211e-03
8.4640344e-03
9.8339354e-03
9.9936807e-03
8.8834689e-03
6.6979800e-03
3.8702840e-03
9.3483979e-04
-1.7159736e-03
-3.9928902e-03
-5.8700592e-03
-7.1188480e-03
-7.5770431e-03
-7.4006513e-03
-6.7282317e-03
-5.3936626e-03
-3.1764352e-03
-1.9671292e-04
2.9915178e-03
5.6481648e-03
7.1983294e-03
7.4182463e-03
6.3861153e-03
4.4048728e-03
1.9645077e-03
-3.6529283e-04
-2.0926434e-03
-2.9730182e-03
-3.0739434e-03
-2.6208196e-03
-1.8589905e-03
-1.1094471e-03
-7.2567527e-04
-9.2705192e-04
-1.7640432e-03
-2.9882072e-03
-3.9058468e-03
-3.7922702e-03
-2.4998121e-03
-4.1232671e-04
1.9574540e-03
4.0843224e-03
5.4504541e-03
5.7058426e-03
4.8516667e-03
3.2877402e-03
1.5927727e-03
2.5339216e-04
-3.8470089e-04
-1.8489903e-04
5.9066894e-04
1.3855428e-03
1.7246342e-03
1.4451610e-03
7.0130258e-04
-2.6699815e-04
-1.3996140e-03
-2.7067882e-03
-3.9996628e-03
-4.9702900e-03
-5.4323195e-03
-5.3307197e-03
-4.6587576e-03
-3.4530634e-03
-1.8596391e-03
-1.9301299e-04
1.1834987e-03
2.0589757e-03
2.3881744e-03
2.2510978e-03
1.9153379e-03
1.7089558e-03
1.7267905e-03
1.7723187e-03
1.6013530e-03
1.2116326e-03
8.7232442e-04
8.8619134e-04
1.3294168e-03
1.9777957e-03
2.5014006e-03
2.6541550e-03
2.2707803e-03
1.3451629e-03
1.3865696e-04
-1.0221580e-03
-2.0202375e-03
-2.8950744e-03
-3.6523322e-03
-4.2364589e-03
-4.5503530e-03
-4.4371094e-03
-3.7176197e-03
-2.2549230e-03
-1.0319525e-04
2.2360190e-03
3.9082439e-03
4.3725349e-03
3.8813483e-03
3.1265410e-03
2.5501894e-03
2.0751681e-03
1.3795061e-03
3.8657069e-04
-5.2987991e-04
-8.2435991e-04
-2.0797990e-04
1.1408940e-03
2.6637319e-03
3.6665613e-03
3.6092389e-03
2.4093454e-03
4.8844990e-04
-1.5838289e-03
-3.4942875e-03
-5.3239436e-03
-7.3378864e-03
-9.5432908e-03
-1.1405504e-02
-1.2018346e-02
-1.0526487e-02
-6.4392140e-03
2.2009211e-05
7.5013120e-03
1.3895396e-02
1.7625884e-02
1.8310809e-02
1.6429949e-02
1.2775651e-02
7.9910815e-03
2.4493582e-03
-3.4917179e-03
-9.2228704e-03
-1.3861116e-02
-1.6651934e-02
-1.7402435e-02
-1.6411009e-02
-1.4086314e-02
-1.0709743e-02
-6.5244713e-03
-1.7965097e-03
3.3515318e-03
8.8341682e-03
1.4181620e-02
1.8372745e-02
2.0125982e-02
1.8506979e-02
1.3668098e-02
7.1949582e-03
1.2557430e-03
-2.8949596e-03
-5.2888631e-03
-6.4114767e-03
-6.5799391e-03
-6.0344296e-03
-5.1580250e-03
-4.3075108e-03
-3.5329399e-03
-2.6876407e-03
-1.8005118e-03
-1.2131539e-03
-1.2752614e-03
-1.9212411e-03
-2.6261831e-03
-2.8120510e-03
-2.2579849e-03
-1.1416074e-03
1.6345818e-04
1.2557486e-03
1.8243137e-03
1.8054965e-03
1.4125894e-03
9.1825062e-04
4.8220354e-04
2.0426199e-04
1.8351540e-04
4.5172401e-04
9.2594823e-04
1.4744075e-03
1.9900767e-03
2.3643408e-03
2.4759160e-03
2.2852850e-03
1.8099973e-03
9.7269041e-04
-3.0576582e-04
-1.8131421e-03
-3.0629724e-03
-3.7018127e-03
-3.7492691e-03
-3.2818495e-03
-2.0122104e-03
4.6889170e-04
3.9011805e-03
7.0046284e-03
8.0476617e-03
5.7780956e-03
2.2578262e-04
-6.8938495e-03
-1.2874333e-02
-1.5625307e-02
-1.4580144e-02
-1.0315423e-02
-4.0117049e-03
2.7719363e-03
8.5499755e-03
1.2450544e-02
1.4295006e-02
1.4251526e-02
1.2586321e-02
9.7111614e-03
6.1581789e-03
2.4806140e-03
-8.0356625e-04
-3.3692822e-03
-5.1377574e-03
-6.1140515e-03
-6.2970912e-03
-5.7668561e-03
-4.7675651e-03
-3.6603087e-03
-2.7801848e-03
-2.2405448e-03
-1.8425021e-03
-1.3336575e-03
-7.2603593e-04
-1.9956077e-04
1.0858581e-04
1.0723993e-04
-2.0590779e-04
-6.0551246e-04
-7.0845281e-04
-3.0906144e-04
4.6607783e-04
1.3336997e-03
2.0473536e-03
2.4767075e-03
2.5743785e-03
2.3005329e-03
1.6316492e-03
6.4576396e-04
-4.2769242e-04
-1.2627515e-03
-1.6120616e-03
-1.4370980e-03
-8.1215304e-04
1.5064828e-04
1.2143247e-03
2.0613500e-03
2.5353166e-03
2.7627362e-03
2.9070890e-03
2.8513061e-03
2.2957772e-03
1.0533954e-03
-8.5607959e-04
-3.1398078e-03
-5.2523711e-03
-6.7585105e-03
-7.5502439e-03
-7.5902482e-03
-6.8021251e-03
-5.3373882e-03
-3.5454462e-03
-1.5288329e-03
9.3658175e-04
3.9496394e-03
7.1798072e-03
1.0005237e-02
1.1788136e-02
1.1989026e-02
1.0178243e-02
6.3606740e-03
1.4530080e-03
-3.0843593e-03
-6.2455146e-03
-7.8251126e-03
-8.0676704e-03
-7.2342486e-03
-5.4178900e-03
-2.8078268e-03
-1.7989535e-05
2.0573715e-03
2.8023352e-03
2.4284390e-03
1.9117383e-03
2.0827142e-03
2.8354046e-03
3.4117460e-03
3.2128194e-03
2.1751217e-03
5.4858573e-04
-1.4073268e-03
-3.3442301e-03
-4.7424405e-03
-5.1533373e-03
-4.3351047e-03
-2.2896372e-03
5.3649685e-04
3.2843737e-03
5.1176440e-03
5.5414898e-03
4.4247589e-03
2.0828552e-03
-7.0455831e-04
-3.1155722e-03
-4.7353551e-03
-5.5630758e-03
-5.7556295e-03
-5.3989305e-03
-4.5507723e-03
-3.4452753e-03
-2.4545142e-03
-1.9152232e-03
-2.0022553e-03
-2.5548030e-03
-3.1206040e-03
-3.2513857e-03
-2.6095846e-03
-1.0138567e-03
1.4859408e-03
4.8423449e-03
8.9824361e-03
1.3146764e-02
1.5901113e-02
1.6201993e-02
1.3987154e-02
9.9351959e-03
5.2149515e-03
1.0770580e-03
-1.8185948e-03
-3.5366210e-03
-4.3580529e-03
-4.4812845e-03
-4.1370277e-03
-3.6882059e-03
-3.5093565e-03
-3.7110423e-03
-4.1286951e-03
-4.7180288e-03
-5.8054273e-03
-7.7824366e-03
-1.0482837e-02
-1.3003089e-02
-1.4220364e-02
-1.3287056e-02
-9.7260057e-03
-3.7070602e-03
3.4310580e-03
9.6869835e-03
1.3752931e-02
1.5358303e-02
1.4773244e-02
1.2581198e-02
9.5046752e-03
6.1070666e-03
2.6939931e-03
-5.5531551e-04
-3.4931091e-03
-5.9216454e-03
-7.5110099e-03
-7.9870904e-03
-7.3254477e-03
-5.6294074e-03
-3.0595217e-03
1.1054711e-04
3.5707953e-03
6.9638864e-03
9.7569232e-03
1.1298807e-02
1.0945037e-02
8.2107189e-03
3.2557349e-03
-2.6208010e-03
-7.5073057e-03
-1.0190081e-02
-1.0610415e-02
-9.3331741e-03
-7.0946132e-03
-4.5645045e-03
-2.2153800e-03
-3.1736383e-04
1.1766011e-03
2.5950289e-03
4.0539542e-03
5.1977217e-03
5.5985943e-03
5.1044712e-03
3.7806220e-03
1.8565752e-03
-2.6703109e-04
-2.1842147e-03
-3.7017603e-03
-4.8534328e-03
-5.6237391e-03
-5.6714675e-03
-4.5320086e-03
-2.2142171e-03
5.3495938e-04
2.7764289e-03
4.1057014e-03
4.6558807e-03
4.6247886e-03
4.0590782e-03
2.9799439e-03
1.5670005e-03
2.4695927e-04
-4.9192085e-04
-5.1458140e-04
-1.2069371e-04
2.6457914e-04
2.9791465e-04
-1.7756545e-04
-1.0073386e-03
-1.8357907e-03
-2.4542330e-03
-2.8811463e-03
-3.1020324e-03
-2.9533982e-03
-2.3026940e-03
-1.2673413e-03
-1.8952841e-04
6.3145125e-04
1.1921038e-03
1.7273461e-03
2.3281286e-03
2.7812857e-03
2.8715401e-03
2.6178878e-03
2.1558508e-03
1.5519434e-03
8.4046187e-04
1.4725207e-04
-4.5094023e-04
-1.0983230e-03
-1.8726574e-03
-2.4662957e-03
-2.4696766e-03
-1.8521028e-03
-1.0145768e-03
-4.0668767e-04
-8.8308682e-05
2.3669105e-04
7.3227617e-04
1.1907473e-03
1.2927716e-03
8.9627984e-04
1.2478035e-04
-6.3196566e-04
-9.4617264e-04
-7.7592434e-04
-4.7525712e-04
-3.0565104e-04
-2.7602546e-04
-4.0299542e-04
-6.8267168e-04
-9.6767043e-04
-1.1403295e-03
-1.2125715e-03
-1.1760679e-03
-8.6559076e-04
-1.1740666e-04
9.5237368e-04
2.0327043e-03
2.9234862e-03
3.5579169e-03
3.8428540e-03
3.7420845e-03
3.3905007e-03
2.8956101e-03
2.2591472e-03
1.6303219e-03
1.3485462e-03
1.6246038e-03
2.2782072e-03
2.7496625e-03
2.3362964e-03
5.8474852e-04
-2.3934067e-03
-5.9523153e-03
-9.2408068e-03
-1.1584103e-02
-1.2687722e-02
-1.2605141e-02
-1.1596943e-02
-9.9711526e-03
-7.9140426e-03
-5.4395320e-03
-2.5756197e-03
5.4732362e-04
3.9601920e-03
7.9350568e-03
1.2496768e-02
1.7004856e-02
2.0354972e-02
2.1409827e-02
1.9356223e-02
1.4181150e-02
7.0765627e-03
6.4477574e-06
-5.5158637e-03
-9.0552830e-03
-1.0819811e-02
-1.1152670e-02
-1.0417225e-02
-9.0430293e-03
-7.4873155e-03
-6.0294656e-03
-4.6467059e-03
-3.1313760e-03
-1.3341967e-03
5.8761984e-04
2.1550993e-03
2.9418074e-03
2.9544458e-03
2.5608210e-03
2.1232826e-03
1.7946535e-03
1.5910496e-03
1.5379579e-03
1.6881739e-03
2.0068472e-03
2.2929791e-03
2.2368503e-03
1.6335404e-03
5.8914901e-04
-5.7892022e-04
-1.5582699e-03
-2.0529619e-03
-1.8785337e-03
-1.2425395e-03
-7.5800127e-04
-1.0711019e-03
-2.4320174e-03
-4.5493356e-03
-6.7262591e-03
-8.1236078e-03
-8.1517273e-03
-6.7085667e-03
-4.0198154e-03
-4.4645771e-04
3.5121418e-03
7.2029747e-03
9.9028885e-03
1.1078112e-02
1.0500142e-02
8.0276408e-03
3.9406331e-03
-3.5491539e-04
-2.9548948e-03
-3.0290257e-03
-1.2825993e-03
8.7289470e-04
2.3045781e-03
2.7006028e-03
2.4216139e-03
1.9024000e-03
1.4105951e-03
1.2396263e-03
1.6445927e-03
2.4399853e-03
2.8896381e-03
2.2448346e-03
3.3072636e-04
-2.5158918e-03
-5.8626302e-03
-9.3510322e-03
-1.2552136e-02
-1.4850465e-02
-1.5553634e-02
-1.4100372e-02
-1.0291125e-02
-4.5024213e-03
2.2511444e-03
8.5675209e-03
1.3149188e-02
1.5177562e-02
1.4507844e-02
1.1762932e-02
8.0822631e-03
4.5345690e-03
1.7408824e-03
-9.8456195e-05
-1.1677254e-03
-1.9091133e-03
-2.6313995e-03
-3.3461903e-03
-3.8760199e-03
-3.9346410e-03
-3.3087082e-03
-1.9647506e-03
8.3691694e-05
2.8007329e-03
5.9161355e-03
8.5932428e-03
9.3242858e-03
6.5910589e-03
2.4398050e-04
-7.6378569e-03
-1.3946324e-02
-1.6819515e-02
-1.6352141e-02
-1.3580371e-02
-9.4364652e-03
-4.5169202e-03
6.4562526e-04
5.4788781e-03
9.5730998e-03
1.2784051e-02
1.4991690e-02
1.5905655e-02
1.5274892e-02
1.3092155e-02
9.4793073e-03
4.5800272e-03
-1.2662014e-03
-7.2986310e-03
-1.2446792e-02
-1.5772762e-02
-1.6797676e-02
-1.5370876e-02
-1.1483353e-02
-5.6460180e-03
6.4564261e-04
5.5003392e-03
7.8819316e-03
7.9806455e-03
6.6522998e-03
4.8035233e-03
3.0000758e-03
1.4294391e-03
1.3610264e-04
-8.5856402e-04
-1.6073071e-03
-2.1814907e-03
-2.5195322e-03
-2.3845181e-03
-1.4846993e-03
2.0911628e-04
2.2847033e-03
4.2226958e-03
5.7838881e-03
6.9524892e-03
7.6791013e-03
7.7799694e-03
6.9690157e-03
4.9695973e-03
1.7995915e-03
-2.0284773e-03
-5.6567190e-03
-8.2615403e-03
-9.4645298e-03
-9.4360766e-03
-8.6979314e-03
-7.8471275e-03
-7.1754418e-03
-6.5847847e-03
-6.0271132e-03
-5.8271121e-03
-6.3559769e-03
-7.3313837e-03
-7.6674093e-03
-6.2446234e-03
-2.6791456e-03
2.6369032e-03
8.9023250e-03
1.5262761e-02
2.0927749e-02
2.4951880e-02
2.6169636e-02
2.3685057e-02
1.7360830e-02
8.0484437e-03
-2.2552569e-03
-1.1009940e-02
-1.6357835e-02
-1.7732976e-02
-1.5858083e-02
-1.2393856e-02
-9.0581330e-03
-6.7714383e-03
-5.4436254e-03
-4.4269167e-03
-3.2332956e-03
-1.8844501e-03
-6.7951476e-04
2.1404068e-04
9.0796586e-04
1.6478898e-03
2.6037617e-03
3.8188874e-03
5.2381383e-03
6.6223734e-03
7.5918096e-03
7.8887431e-03
7.4500905e-03
6.2869298e-03
4.4355503e-03
2.0058575e-03
-6.5329208e-04
-2.9655688e-03
-4.4979274e-03
-5.1776845e-03
-5.1958096e-03
-4.8445767e-03
-4.3637932e-03
-3.9704102e-03
-3.8587698e-03
-3.9827028e-03
-4.0783047e-03
-3.9525938e-03
-3.6535309e-03
-3.3664537e-03
-3.0901786e-03
-2.5238564e-03
-1.4524938e-03
-1.8611660e-04
6.1074522e-04
6.4246989e-04
3.8121214e-04
6.5485904e-04
1.9058646e-03
3.8477897e-03
5.8717121e-03
7.6686720e-03
9.2283943e-03
1.0375873e-02
1.0624546e-02
9.5314937e-03
7.0200573e-03
3.4107509e-03
-5.9086360e-04
-3.9574012e-03
-5.6255437e-03
-5.0602324e-03
-2.7859972e-03
-1.7805109e-04
1.4085864e-03
1.2881695e-03
-3.7426555e-04
-2.7372483e-03
-5.0128667e-03
-7.1670198e-03
-9.5748129e-03
-1.2093796e-02
-1.3729445e-02
-1.3081526e-02
-9.3377308e-03
-3.2872790e-03
2.9518387e-03
7.5344340e-03
9.9227200e-03
1.0570347e-02
1.0197874e-02
9.3089778e-03
8.0485485e-03
6.3871131e-03
4.4215559e-03
2.5117201e-03
1.0498160e-03
7.1027165e-05
-7.1948980e-04
-1.5718573e-03
-2.5189591e-03
-3.4493202e-03
-4.2377532e-03
-4.7322179e-03
-4.5844537e-03
-3.5029717e-03
-1.8968622e-03
-8.2427263e-04
-1.1158809e-03
-2.7176047e-03
-4.7423809e-03
-6.1190350e-03
-6.3467571e-03
-5.5341500e-03
-3.8258938e-03
-1.1632487e-03
2.3198245e-03
5.9344437e-03
8.7871632e-03
1.0421560e-02
1.0908501e-02
1.0507488e-02
9.4056805e-03
7.6397345e-03
5.2560263e-03
2.5811198e-03
1.6770425e-04
-1.6075988e-03
-2.6838094e-03
-3.0019313e-03
-2.5697822e-03
-1.9803824e-03
-2.1853826e-03
-3.6688758e-03
-6.1566578e-03
-8.7822176e-03
-1.0504761e-02
-1.0732586e-02
-9.4832024e-03
-7.0849833e-03
-4.0281865e-03
-8.5349512e-04
2.1139007e-03
4.7356657e-03
6.7956290e-03
8.1614207e-03
8.9971093e-03
9.4374896e-03
9.3444833e-03
8.5573465e-03
7.1164191e-03
5.1421811e-03
2.6467361e-03
-4.3942473e-04
-4.0755373e-03
-7.8699861e-03
-1.0901887e-02
-1.1919221e-02
-1.0056491e-02
-5.6792826e-03
-5.6591409e-04
3.1948166e-03
4.6520957e-03
4.1787730e-03
2.6844063e-03
9.4970470e-04
-6.7228112e-04
-2.1002330e-03
-3.2210922e-03
-3.9225843e-03
-4.1678827e-03
-3.9434016e-03
-3.2397857e-03
-1.9454180e-03
1.2982422e-04
2.8761350e-03
5.7214828e-03
8.0025113e-03
9.2660286e-03
9.2183469e-03
7.7049694e-03
4.8482870e-03
1.1928577e-03
-2.2635837e-03
-4.4433326e-03
-4.9157216e-03
-4.0982789e-03
-2.6664106e-03
-1.1627956e-03
-9.9590598e-05
1.6359948e-04
-2.3761651e-04
-7.6866091e-04
-1.0423074e-03
-1.0919270e-03
-1.0930926e-03
-1.0263243e-03
-7.1557689e-04
-2.1899497e-04
1.9693524e-05
-3.2897505e-04
-9.9565183e-04
-1.3686906e-03
-1.1042020e-03
-2.9879335e-04
8.0068083e-04
2.0295833e-03
3.2442331e-03
4.1799152e-03
4.4960610e-03
4.0032205e-03
2.8742127e-03
1.5710997e-03
4.5274513e-04
-4.9954102e-04
-1.5126618e-03
-2.7170763e-03
-4.0734751e-03
-5.3896828e-03
-6.2816436e-03
-6.3186971e-03
-5.4081872e-03
-3.9808241e-03
-2.6961617e-03
-1.9708053e-03
-1.8306139e-03
-2.1273521e-03
-2.6703536e-03
-3.1347380e-03
-3.0227743e-03
-1.8348524e-03
5.7975156e-04
3.8122816e-03
7.1828184e-03
1.0160878e-02
1.2331519e-02
1.3203487e-02
1.2353963e-02
9.7219655e-03
5.7505708e-03
1.2880657e-03
-2.6120075e-03
-4.9010134e-03
-5.0339050e-03
-3.4584450e-03
-1.3401210e-03
3.0226136e-04
1.1362808e-03
1.2708604e-03
7.8562337e-04
-2.5450927e-04
-1.7000186e-03
-3.6340031e-03
-6.3605814e-03
-9.7163957e-03
-1.2784613e-02
-1.4502416e-02
-1.4170103e-02
-1.1374763e-02
-6.1914331e-03
3.0351857e-04
6.3557404e-03
1.0635061e-02
1.2888617e-02
1.3600234e-02
1.3176785e-02
1.1594733e-02
8.8519765e-03
5.5093274e-03
2.5077450e-03
5.0083358e-04
-5.4298149e-04
-1.2502648e-03
-2.2935688e-03
-3.7476835e-03
-5.1630806e-03
-6.1964016e-03
-6.7615755e-03
-6.6879382e-03
-5.7683000e-03
-4.1984752e-03
-2.6200268e-03
-1.6838334e-03
-1.6811997e-03
-2.5022046e-03
-3.7338776e-03
-4.6817527e-03
-4.5636347e-03
-2.9856530e-03
-9.2670918e-05
3.6993151e-03
7.7883401e-03
1.1440523e-02
1.4030972e-02
1.5017759e-02
1.3877348e-02
1.0496723e-02
5.5060269e-03
4.4842506e-05
-4.7570085e-03
-8.1765768e-03
-9.9433384e-03
-1.0044576e-02
-8.6761522e-03
-6.3006260e-03
-3.5338231e-03
-9.7545149e-04
8.5215335e-04
1.6353842e-03
1.4824009e-03
8.3022429e-04
1.2076528e-04
-3.7379324e-04
-6.2822478e-04
-8.3806891e-04
-1.2187735e-03
-1.7819231e-03
-2.2841809e-03
-2.4582999e-03
-2.1957783e-03
-1.4174249e-03
-6.6320274e-05
1.6124482e-03
3.1326818e-03
4.2853295e-03
5.2641951e-03
6.1976206e-03
6.8903292e-03
7.0411139e-03
6.4547334e-03
5.0650356e-03
2.9261812e-03
1.2703997e-04
-3.2966529e-03
-7.0892702e-03
-1.0395164e-02
-1.2103926e-02
-1.1715643e-02
-9.6407956e-03
-6.7333150e-03
-3.6795211e-03
-7.9954164e-04
1.6675882e-03
3.3988501e-03
4.3197225e-03
4.8220295e-03
5.3468412e-03
5.9020595e-03
6.2126861e-03
6.1248870e-03
5.6388456e-03
4.7092937e-03
3.0814610e-03
4.3211635e-04
-3.1093620e-03
-6.7563406e-03
-9.4755605e-03
-1.0363772e-02
-8.7648710e-03
-4.6917594e-03
6.0201644e-04
5.1317218e-03
7.5727289e-03
7.8497428e-03
6.7332765e-03
5.2597787e-03
4.1637964e-03
3.4228012e-03
2.3427062e-03
4.1423098e-04
-1.9044510e-03
-3.5519389e-03
-3.9870922e-03
-3.6998699e-03
-3.4937451e-03
-3.5065818e-03
-3.2597643e-03
-2.4408295e-03
-1.1542100e-03
5.0509596e-04
2.5587198e-03
4.6623990e-03
5.9842480e-03
5.8947000e-03
4.5922493e-03
2.8100214e-03
1.0420787e-03
-6.6743168e-04
-2.3794833e-03
-4.1160515e-03
-5.8679027e-03
-7.3983464e-03
-8.2013875e-03
-7.8083043e-03
-6.1282011e-03
-3.6177113e-03
-1.0565785e-03
9.6691886e-04
2.2232018e-03
2.5989356e-03
2.0242659e-03
6.4876300e-04
-1.0941647e-03
-2.5988742e-03
-3.2971429e-03
-2.9053227e-03
-1.4088136e-03
1.2109966e-03
4.9397961e-03
9.2468749e-03
1.2818733e-02
1.4159913e-02
1.2648205e-02
8.8666560e-03
4.0766764e-03
-3.0835030e-04
-3.1083773e-03
-3.8918782e-03
-3.2472571e-03
-2.3879721e-03
-2.3093296e-03
-3.0993084e-03
-3.9718968e-03
-4.0673298e-03
-3.2400873e-03
-2.0243327e-03
-1.0814776e-03
-9.0897220e-04
-1.6777351e-03
-3.0150092e-03
-4.2900523e-03
-5.2618713e-03
-6.0819588e-03
-6.5171104e-03
-5.7159815e-03
-3.2505487e-03
1.8551657e-04
3.5400877e-03
6.1518796e-03
7.6620038e-03
7.9722956e-03
7.3451972e-03
6.1370711e-03
4.5175046e-03
2.5668831e-03
4.3214122e-04
-1.6683443e-03
-3.5157692e-03
-4.9687947e-03
-5.9252969e-03
-6.2289687e-03
-5.6795610e-03
-4.1535419e-03
-1.8002997e-03
8.8154637e-04
3.2749922e-03
4.8882504e-03
5.3742000e-03
4.5933191e-03
2.8209213e-03
8.1717264e-04
-5.2696357e-04
-7.7541599e-04
-1.1188128e-04
9.8602259e-04
2.0386672e-03
2.6918520e-03
2.7858219e-03
2.3048625e-03
1.2938286e-03
-1.1504433e-04
-1.6756804e-03
-3.0767688e-03
-4.0253578e-03
-4.3743105e-03
-4.1929703e-03
-3.6846069e-03
-3.0544384e-03
-2.4343602e-03
-1.8698050e-03
-1.3565778e-03
-8.9027152e-04
