-1.1297860e-02
3.9725045e-02
5.9216403e-02
4.0348776e-02
1.0241942e-02
-3.8337241e-03
-6.8706505e-03
-2.1474373e-02
-5.3457075e-02
-8.8357093e-02
-1.1534617e-01
-1.3953678e-01
-1.7436844e-01
-2.2769277e-01
-2.9608157e-01
-3.7256232e-01
-4.5875053e-01
-5.6371053e-01
-6.7989263e-01
-7.7670723e-01
-8.3300656e-01
-8.5553824e-01
-8.5980711e-01
-8.4874364e-01
-8.1579033e-01
-7.6098545e-01
-7.0002277e-01
-6.4632825e-01
-5.8895490e-01
-5.1405680e-01
-4.3164416e-01
-3.6092492e-01
-3.0618793e-01
-2.4672415e-01
-1.5003473e-01
4.3862301e-04
2.0715819e-01
4.7437995e-01
8.0381700e-01
1.1785781e+00
1.5498724e+00
1.8485245e+00
2.0263855e+00
2.0804234e+00
2.0173108e+00
1.8053504e+00
1.3979148e+00
8.3593454e-01
2.8278856e-01
-1.1046725e-01
-3.2139112e-01
-4.0312592e-01
-3.9821593e-01
-3.3544545e-01
-2.7067543e-01
-2.8717778e-01
-4.2959810e-01
-6.6947909e-01
-9.6302772e-01
-1.2905780e+00
-1.6181784e+00
-1.8956650e+00
-2.0866458e+00
-2.1538970e+00
-2.0620860e+00
-1.8143751e+00
-1.4546185e+00
-1.0284214e+00
-5.6049667e-01
-7.1098581e-02
4.0927158e-01
8.5081439e-01
1.2410145e+00
1.5793158e+00
1.8481687e+00
1.9986180e+00
1.9782998e+00
1.7789383e+00
1.4404400e+00
1.0072885e+00
5.1924373e-01
3.9125476e-02
-3.5478172e-01
-6.0730502e-01
-7.0997739e-01
-6.9650747e-01
-6.1807139e-01
-5.1287605e-01
-3.9389419e-01
-2.6729723e-01
-1.4781925e-01
-4.1902886e-02
6.2238379e-02
1.7032796e-01
2.6589851e-01
3.2639221e-01
3.4605384e-01
3.3567122e-01
3.0875373e-01
2.7647117e-01
2.4882341e-01
2.3124532e-01
2.2366134e-01
2.2714182e-01
2.3854812e-01
2.4477045e-01
2.3608879e-01
2.2191066e-01
2.2155538e-01
2.4101367e-01
2.6625819e-01
2.8009927e-01
2.8198246e-01
2.8159010e-01
2.8497428e-01
2.8895537e-01
2.7952336e-01
2.4997701e-01
2.1034977e-01
1.7074511e-01
1.3245949e-01
9.3891473e-02
5.9827839e-02
3.4353946e-02
1.2026859e-02
-1.1176173e-02
-2.9179290e-02
-3.1709277e-02
-1.4114998e-02
1.7261663e-02
5.1189437e-02
8.9767515e-02
1.4863420e-01
2.3915598e-01
3.5803321e-01
4.9972089e-01
6.8147565e-01
9.3007600e-01
1.2534655e+00
1.6512390e+00
2.1378352e+00
2.7451846e+00
3.5032284e+00
4.4134344e+00
5.4276892e+00
6.4336107e+00
7.2246076e+00
7.4182259e+00
6.3136080e+00
2.6928813e+00
-2.5851497e+00
-6.2576500e+00
-7.4284081e+00
-7.2872090e+00
-6.5473234e+00
-5.6135169e+00
-4.6936093e+00
-3.8786421e+00
-3.1964530e+00
-2.6552370e+00
-2.2581934e+00
-2.0074880e+00
-1.9107467e+00
-1.9761785e+00
-2.2022262e+00
-2.5753237e+00
-3.0846400e+00
-3.7326763e+00
-4.5268076e+00
-5.4474141e+00
-6.3985461e+00
-7.1574329e+00
-7.3109046e+00
-6.1579854e+00
-2.5365221e+00
2.6669319e+00
6.2515592e+00
7.3799089e+00
7.2305832e+00
6.4709748e+00
5.4860999e+00
4.4969274e+00
3.6043389e+00
2.8328065e+00
2.1819112e+00
1.6521682e+00
1.2416517e+00
9.3603658e-01
7.0490808e-01
5.1704931e-01
3.6329653e-01
2.5167380e-01
1.7794968e-01
1.1711790e-01
5.4973138e-02
2.8139710e-03
-3.0004948e-02
-5.1126110e-02
-7.2009986e-02
-9.2844486e-02
-9.9923691e-02
-7.8774987e-02
-3.1812747e-02
2.1639382e-02
6.7472003e-02
1.1585855e-01
1.8614191e-01
2.7418504e-01
3.6120789e-01
4.5463246e-01
5.9221343e-01
8.0053406e-01
1.0734418e+00
1.4019311e+00
1.8035008e+00
2.3143787e+00
2.9617474e+00
3.7429113e+00
4.6317601e+00
5.5872951e+00
6.5277196e+00
7.2634443e+00
7.3980119e+00
6.2221666e+00
2.5523731e+00
-2.7174539e+00
-6.3442678e+00
-7.4850541e+00
-7.3530069e+00
-6.6326262e+00
-5.6875115e+00
-4.7126811e+00
-3.8262822e+00
-3.1017963e+00
-2.5660548e+00
-2.2030973e+00
-1.9820749e+00
-1.8862406e+00
-1.9261700e+00
-2.1279607e+00
-2.5029275e+00
-3.0476359e+00
-3.7571320e+00
-4.6107156e+00
-5.5545425e+00
-6.4804254e+00
-7.1882267e+00
-7.3147103e+00
-6.1889682e+00
-2.6200717e+00
2.5551447e+00
6.1362697e+00
7.2446182e+00
7.0541525e+00
6.2679054e+00
5.2791377e+00
4.2848385e+00
3.3770453e+00
2.5987621e+00
1.9676479e+00
1.4807549e+00
1.1145491e+00
8.3523475e-01
6.2249597e-01
4.7413367e-01
3.8025538e-01
3.1342752e-01
2.5244184e-01
2.0643083e-01
1.9495503e-01
2.0767333e-01
2.1415251e-01
2.0224913e-01
1.8480148e-01
1.7590957e-01
1.7529683e-01
1.7161354e-01
1.5664632e-01
1.3663361e-01
1.2073616e-01
1.1235227e-01
1.1117423e-01
1.1488202e-01
1.2486967e-01
1.3673156e-01
1.3282349e-01
1.0413825e-01
6.8459084e-02
5.0983797e-02
5.3366120e-02
5.7627943e-02
4.9635872e-02
2.9651906e-02
5.7479219e-03
-1.6768469e-02
-3.7312744e-02
-5.9901056e-02
-8.5604534e-02
-1.0580496e-01
-1.1017850e-01
-9.9692487e-02
-8.6569444e-02
-7.8966681e-02
-7.2267216e-02
-5.9287457e-02
-4.3474583e-02
-3.8426437e-02
-5.2218702e-02
-7.2291333e-02
-7.9877462e-02
-7.8803371e-02
-8.8683031e-02
-1.1009013e-01
-1.2500000e-01
-1.2672376e-01
-1.2206571e-01
-1.1436179e-01
-1.0064233e-01
-7.7824210e-02
-4.4810568e-02
-9.7859996e-03
1.2065970e-02
1.8399223e-02
2.4438800e-02
4.1882336e-02
6.2729448e-02
7.9066572e-02
1.0023618e-01
1.3047144e-01
1.5305223e-01
1.5368295e-01
1.3647057e-01
1.1071460e-01
8.3034678e-02
5.9183889e-02
4.0716378e-02
2.0184312e-02
-8.7562375e-03
-3.5681469e-02
-4.5081199e-02
-3.8594891e-02
-3.0866244e-02
-3.1816791e-02
-3.9062501e-02
-4.3304211e-02
-4.0676928e-02
-3.7262417e-02
-3.7083255e-02
-3.5260000e-02
-2.8038703e-02
-2.0573228e-02
-1.9642764e-02
-2.0973976e-02
-1.4944217e-02
-4.3883336e-03
-2.7720532e-03
-1.2979174e-02
-2.2483731e-02
-2.4660707e-02
-2.5651036e-02
-3.0913122e-02
-3.8934719e-02
-4.2530315e-02
-3.7282266e-02
-3.1183119e-02
-3.6557178e-02
-4.9736905e-02
-5.5002613e-02
-5.1165917e-02
-5.5919817e-02
-7.7234989e-02
-9.9321448e-02
-1.0656564e-01
-9.8115380e-02
-8.0949072e-02
-6.2265098e-02
-4.2342008e-02
-1.7055388e-02
1.2529286e-02
3.5706850e-02
4.1856985e-02
3.5915085e-02
3.4758525e-02
4.7392038e-02
6.7178795e-02
8.5395363e-02
1.0256615e-01
1.2082642e-01
1.3273793e-01
1.2842025e-01
1.0808821e-01
8.1725955e-02
6.2447630e-02
5.3859280e-02
4.2659217e-02
1.6747549e-02
-1.4093555e-02
-2.5234176e-02
-1.1282090e-02
-8.6481503e-05
-1.3672993e-02
-3.9794258e-02
-5.2897185e-02
-4.4886902e-02
-3.2533294e-02
-3.3692683e-02
-4.1079306e-02
-3.5854662e-02
-1.9553013e-02
-1.1914352e-02
-2.0530721e-02
-2.9076974e-02
-2.5099436e-02
-2.5253534e-02
-4.7681003e-02
-7.6671217e-02
-8.5064019e-02
-7.2483452e-02
-6.0296649e-02
-6.1936884e-02
-6.8354422e-02
-6.2926698e-02
-4.6605700e-02
-3.6714960e-02
-4.2568948e-02
-5.4611048e-02
-5.9734190e-02
-6.0749044e-02
-7.2040300e-02
-9.4438163e-02
-1.0776400e-01
-9.7380705e-02
-7.2890010e-02
-5.0137435e-02
-3.3336567e-02
-1.5586197e-02
1.2583332e-02
4.3491006e-02
5.5067596e-02
4.3750885e-02
3.3085327e-02
4.4787238e-02
7.1542013e-02
9.0414176e-02
9.7343798e-02
1.0704689e-01
1.2283754e-01
1.2763748e-01
1.0934176e-01
7.7080278e-02
4.8920428e-02
3.2359109e-02
1.5747095e-02
-1.1107044e-02
-3.3293072e-02
-2.4851031e-02
1.1878211e-02
3.7650315e-02
2.3074600e-02
-1.2719096e-02
-2.7067628e-02
-1.1626630e-02
2.6774202e-03
-5.3216560e-03
-2.3203240e-02
-2.7081785e-02
-1.5295574e-02
-9.1941514e-03
-1.7676952e-02
-2.2300188e-02
-1.1706711e-02
-2.3477941e-03
-1.1587317e-02
-3.2299395e-02
-4.1409247e-02
-2.9578327e-02
-1.4056813e-02
-1.4938191e-02
-2.8809230e-02
-3.7019897e-02
-3.2020919e-02
-2.6029129e-02
-3.3017908e-02
-4.9587687e-02
-6.0761732e-02
-6.1520598e-02
-6.4239988e-02
-7.6141037e-02
-8.1434544e-02
-6.4641843e-02
-3.7031260e-02
-1.8681666e-02
-1.2910952e-02
-1.0330356e-02
-4.7975164e-04
1.6831340e-02
2.9112066e-02
2.8949965e-02
2.8318930e-02
4.6395086e-02
8.0916037e-02
1.0740526e-01
1.1523842e-01
1.2121365e-01
1.3589728e-01
1.4190210e-01
1.2085858e-01
7.9598614e-02
4.1207899e-02
1.9352215e-02
6.5398621e-03
-8.4729221e-03
-2.1272891e-02
-1.6412304e-02
5.8756947e-03
1.9060084e-02
3.3264378e-03
-2.4052567e-02
-2.7879413e-02
-2.4493367e-03
2.0155825e-02
1.5523977e-02
-2.2707386e-03
-4.7892419e-03
1.3644758e-02
3.4590044e-02
4.4293379e-02
5.0203796e-02
6.7519971e-02
9.7899161e-02
1.2766587e-01
1.5435189e-01
1.9909764e-01
2.7745926e-01
3.8310180e-01
5.1202381e-01
6.7880864e-01
9.1050886e-01
1.2321271e+00
1.6520605e+00
2.1699876e+00
2.7993244e+00
3.5664349e+00
4.4770395e+00
5.4807023e+00
6.4633791e+00
7.2311092e+00
7.4149239e+00
6.3148619e+00
2.7163133e+00
-2.5259911e+00
-6.1710037e+00
-7.3369802e+00
-7.2070472e+00
-6.4716450e+00
-5.5167804e+00
-4.5422558e+00
-3.6420860e+00
-2.8599792e+00
-2.2131302e+00
-1.6996788e+00
-1.2982852e+00
-9.7513666e-01
-7.0766552e-01
-4.9755134e-01
-3.5527509e-01
-2.7297121e-01
-2.1927564e-01
-1.5880005e-01
-8.2612487e-02
-9.7794975e-03
4.3196268e-02
6.8067488e-02
5.2428936e-02
-1.3842512e-02
-9.8449034e-02
-1.4052533e-01
-1.3127304e-01
-1.1562937e-01
-1.3459011e-01
-1.9399074e-01
-2.7176362e-01
-3.4960908e-01
-4.3314234e-01
-5.4559710e-01
-7.0419744e-01
-9.0882289e-01
-1.1547563e+00
-1.4446944e+00
-1.7958954e+00
-2.2443511e+00
-2.8244024e+00
-3.5526778e+00
-4.4256386e+00
-5.3971339e+00
-6.3517320e+00
-7.0763160e+00
-7.1953064e+00
-6.0414516e+00
-2.4379291e+00
2.7641149e+00
6.3574837e+00
7.4734409e+00
7.2815143e+00
6.4766347e+00
5.4740474e+00
4.4910322e+00
3.6090703e+00
2.8461555e+00
2.2074545e+00
1.6960125e+00
1.3025415e+00
1.0022573e+00
7.6953446e-01
5.9531782e-01
4.7880455e-01
4.0787377e-01
3.5542900e-01
3.0079494e-01
2.5395476e-01
2.3001472e-01
2.1373362e-01
1.7834259e-01
1.2600282e-01
8.0456864e-02
5.0166325e-02
2.9986036e-02
1.9509209e-02
2.1201126e-02
2.7110660e-02
2.1453941e-02
-3.8834350e-03
-4.2195857e-02
-7.5148453e-02
-8.9020314e-02
-8.9523951e-02
-9.3753873e-02
-1.0619525e-01
-1.1362008e-01
-9.7625367e-02
-4.3895233e-02
4.6035744e-02
1.5163885e-01
2.4681839e-01
3.1568830e-01
3.6070459e-01
3.8776139e-01
3.8807263e-01
3.5489909e-01
2.9554975e-01
2.1411900e-01
1.0371844e-01
-4.0399492e-02
-2.0128293e-01
-3.4062982e-01
-4.3013780e-01
-4.7624184e-01
-5.0056637e-01
-5.0866095e-01
-4.9471601e-01
-4.6286544e-01
-4.2899799e-01
-4.0078350e-01
-3.6815630e-01
-3.2635580e-01
-2.9153825e-01
-2.7779939e-01
-2.7676141e-01
-2.7043182e-01
-2.4762579e-01
-2.0765340e-01
-1.5559611e-01
-9.1583773e-02
-1.2200188e-02
7.8809873e-02
1.6647275e-01
2.3378859e-01
2.8072726e-01
3.2327566e-01
3.6694690e-01
4.0079085e-01
4.2243247e-01
4.4880193e-01
4.9836781e-01
5.7812452e-01
6.9684507e-01
8.6905641e-01
1.0990033e+00
1.3872295e+00
1.7530798e+00
2.2368443e+00
2.8784976e+00
3.6932646e+00
4.6560566e+00
5.6997636e+00
6.7113138e+00
7.4908580e+00
7.6663393e+00
6.5614961e+00
2.9966497e+00
-2.1783523e+00
-5.7689470e+00
-6.9111341e+00
-6.7705727e+00
-6.0304637e+00
-5.0866579e+00
-4.1562754e+00
-3.3361346e+00
-2.6525403e+00
-2.1091882e+00
-1.6946727e+00
-1.3831297e+00
-1.1472957e+00
-9.6267063e-01
-8.1745924e-01
-7.1257570e-01
-6.4315017e-01
-5.9582596e-01
-5.6045525e-01
-5.3325411e-01
-5.1055600e-01
-4.8252659e-01
-4.3780702e-01
-3.7659302e-01
-3.1532201e-01
-2.6995717e-01
-2.4086944e-01
-2.1854460e-01
-1.9370510e-01
-1.6393728e-01
-1.3204308e-01
-1.0627668e-01
-1.0176294e-01
-1.3682961e-01
-2.2106071e-01
-3.4428501e-01
-4.9653158e-01
-7.0181997e-01
-1.0161484e+00
-1.4863373e+00
-2.1155363e+00
-2.8730018e+00
-3.7315381e+00
-4.6759243e+00
-5.6803317e+00
-6.6666797e+00
-7.4393872e+00
-7.6039279e+00
-6.4451942e+00
-2.7479447e+00
2.5890103e+00
6.2699557e+00
7.4372045e+00
7.3187289e+00
6.5990622e+00
5.6468794e+00
4.6652181e+00
3.7555277e+00
2.9578974e+00
2.2922029e+00
1.7712908e+00
1.3848669e+00
1.0950226e+00
8.5848823e-01
6.4903906e-01
4.6944166e-01
3.3864341e-01
2.4883758e-01
1.5824310e-01
3.6235284e-02
-1.0183609e-01
-2.0943831e-01
-2.6077170e-01
-2.7570455e-01
-2.8416185e-01
-2.8798555e-01
-2.7047827e-01
-2.2528111e-01
-1.5566822e-01
-5.4727773e-02
8.5446515e-02
2.4542000e-01
3.8345803e-01
4.7764078e-01
5.5177767e-01
6.5656794e-01
8.3144458e-01
1.0900247e+00
1.4306207e+00
1.8600011e+00
2.4111152e+00
3.1065088e+00
3.9255778e+00
4.8328072e+00
5.7955035e+00
6.7445347e+00
7.5001461e+00
7.6681277e+00
6.5051659e+00
2.7485692e+00
-2.7160645e+00
-6.5319623e+00
-7.7649888e+00
-7.6110545e+00
-6.7826173e+00
-5.7086057e+00
-4.6394252e+00
-3.6988649e+00
-2.9246065e+00
-2.2997446e+00
-1.7723199e+00
-1.3076158e+00
-9.2515675e-01
-6.6157592e-01
-5.1818540e-01
-4.4499836e-01
-3.6908335e-01
-2.5107195e-01
-1.1331515e-01
-8.1631216e-03
3.1038595e-02
1.1478372e-02
-3.3064273e-02
-6.8460131e-02
-8.3541432e-02
-9.3414219e-02
-1.1176182e-01
-1.3065128e-01
-1.2832593e-01
-9.5828798e-02
-6.0685226e-02
-7.2115538e-02
-1.5202524e-01
-2.7062003e-01
-3.8042371e-01
-4.8038180e-01
-6.3064735e-01
-8.9254794e-01
-1.2784362e+00
-1.7603403e+00
-2.3185333e+00
-2.9740846e+00
-3.7688548e+00
-4.7237277e+00
-5.8001875e+00
-6.8697529e+00
-7.6835092e+00
-7.8150705e+00
-6.5465317e+00
-2.6610760e+00
2.8949419e+00
6.7064372e+00
7.8726631e+00
7.6829863e+00
6.8888073e+00
5.8820713e+00
4.8635623e+00
3.9528156e+00
3.2197785e+00
2.6797349e+00
2.3043043e+00
2.0629197e+00
1.9496332e+00
1.9836339e+00
2.1917753e+00
2.5808154e+00
3.1349483e+00
3.8395844e+00
4.6850765e+00
5.6371901e+00
6.5955386e+00
7.3461086e+00
7.4916103e+00
6.3270853e+00
2.6416564e+00
-2.6895558e+00
-6.3791142e+00
-7.5211898e+00
-7.3171938e+00
-6.4993559e+00
-5.4955564e+00
-4.5212203e+00
-3.6514534e+00
-2.8912430e+00
-2.2338652e+00
-1.6839692e+00
-1.2475017e+00
-9.1839184e-01
-6.7562122e-01
-4.9086376e-01
-3.4598664e-01
-2.3726862e-01
-1.6487804e-01
-1.2869168e-01
-1.1813052e-01
-1.1490379e-01
-1.0818664e-01
-9.6644377e-02
-8.9649389e-02
-9.7368454e-02
-1.1683656e-01
-1.3579900e-01
-1.4096690e-01
-1.3461752e-01
-1.3748401e-01
-1.6402733e-01
-2.1183967e-01
-2.6997758e-01
-3.3093885e-01
-4.0308756e-01
-5.1449071e-01
-6.9484513e-01
-9.5793147e-01
-1.3048702e+00
-1.7270800e+00
-2.2217240e+00
-2.8126353e+00
-3.5415794e+00
-4.4322138e+00
-5.4503499e+00
-6.4778257e+00
-7.2737682e+00
-7.4218809e+00
-6.2399289e+00
-2.5663087e+00
2.7116363e+00
6.3514652e+00
7.4885641e+00
7.3185822e+00
6.5376629e+00
5.5389766e+00
4.5318901e+00
3.6158267e+00
2.8313427e+00
2.1866219e+00
1.6672213e+00
1.2541318e+00
9.3431168e-01
6.9067515e-01
5.0108720e-01
3.5376672e-01
2.4744417e-01
1.7664678e-01
1.2926632e-01
9.1488546e-02
5.3043420e-02
1.4012601e-02
-1.7329673e-02
-3.6650270e-02
-4.9319047e-02
-5.6975204e-02
-4.8323984e-02
-1.9240664e-02
1.1646948e-02
2.6979768e-02
3.2897438e-02
3.9358759e-02
4.2893704e-02
3.8866506e-02
3.1386981e-02
3.1388494e-02
4.5147281e-02
6.4479649e-02
7.7186095e-02
7.7381787e-02
6.9816606e-02
6.8159942e-02
7.3865457e-02
7.1417455e-02
5.5413737e-02
3.7548133e-02
2.2792331e-02
6.7656993e-03
-7.1584468e-03
-1.0078139e-02
-3.9810736e-03
-5.8880245e-03
-2.5972365e-02
-4.9268062e-02
-5.5132172e-02
-4.4862002e-02
-3.5603178e-02
-3.3775481e-02
-3.1768298e-02
-2.6714567e-02
-2.4518987e-02
-2.7608308e-02
-3.0422981e-02
-2.8396732e-02
-2.4635153e-02
-2.4303343e-02
-2.4534454e-02
-1.9657315e-02
-1.5718604e-02
-2.0737499e-02
-2.7497250e-02
-2.5903651e-02
-2.2476551e-02
-2.8477397e-02
-3.9907086e-02
-4.7187476e-02
-4.9410865e-02
-5.2799590e-02
-6.4441844e-02
-8.2760992e-02
-9.5984332e-02
-9.3489499e-02
-7.8466957e-02
-6.3382047e-02
-4.8604149e-02
-2.4960724e-02
1.9650999e-03
1.8221230e-02
2.2911431e-02
2.4130217e-02
2.8861435e-02
4.0288380e-02
5.8768706e-02
8.2515465e-02
1.0958699e-01
1.3871185e-01
1.6680478e-01
1.8704773e-01
1.8862349e-01
1.7276115e-01
1.5568021e-01
1.4277724e-01
1.2477761e-01
9.8567295e-02
7.6230318e-02
7.8572940e-02
1.2115103e-01
1.9964973e-01
2.9420223e-01
3.9307049e-01
5.1084762e-01
6.8014134e-01
9.2169805e-01
1.2376570e+00
1.6355353e+00
2.1411357e+00
2.7803540e+00
3.5565020e+00
4.4510832e+00
5.4281938e+00
6.4037055e+00
7.1728266e+00
7.3312406e+00
6.1831000e+00
2.5632955e+00
-2.6488176e+00
-6.2395246e+00
-7.3486409e+00
-7.1657328e+00
-6.3922611e+00
-5.4215440e+00
-4.4572464e+00
-3.5868727e+00
-2.8337242e+00
-2.1974054e+00
-1.6725312e+00
-1.2536673e+00
-9.3367125e-01
-6.9571273e-01
-5.0918561e-01
-3.5403852e-01
-2.3750989e-01
-1.6842380e-01
-1.3687488e-01
-1.2085393e-01
-1.0727681e-01
-1.0323701e-01
-1.1650290e-01
-1.3201195e-01
-1.1872990e-01
-7.3796133e-02
-3.1925965e-02
-1.3885029e-02
-1.6414378e-02
-3.2950150e-02
-5.1604168e-02
-5.6658335e-02
-3.8629523e-02
-3.8620999e-03
2.8381635e-02
3.8712293e-02
2.3080040e-02
-1.6456848e-03
-1.6675531e-02
-1.2653682e-02
9.7413303e-03
3.2891051e-02
3.6647947e-02
2.5073296e-02
1.9495286e-02
2.9377682e-02
4.2896890e-02
3.8216965e-02
9.8075453e-03
-2.3629737e-02
-4.9407396e-02
-6.8916267e-02
-8.2754791e-02
-9.1786834e-02
-1.0073996e-01
-1.1925338e-01
-1.5892302e-01
-2.2398082e-01
-3.1061119e-01
-4.1913447e-01
-5.5934525e-01
-7.4387837e-01
-9.8183768e-01
-1.2826917e+00
-1.6643640e+00
-2.1561734e+00
-2.7879527e+00
-3.5682745e+00
-4.4758932e+00
-5.4583692e+00
-6.4157763e+00
-7.1546163e+00
-7.3025839e+00
-6.1846268e+00
-2.6301591e+00
2.5152628e+00
6.0795344e+00
7.2176624e+00
7.0998721e+00
6.3882780e+00
5.4438496e+00
4.4690359e+00
3.5870907e+00
2.8576750e+00
2.2672292e+00
1.7645781e+00
1.3349968e+00
9.9961173e-01
7.5158416e-01
5.6159525e-01
4.1257413e-01
3.0428027e-01
2.4304762e-01
2.1019616e-01
1.7759828e-01
1.5095876e-01
1.4671950e-01
1.5610820e-01
1.5285071e-01
1.2133842e-01
7.2297887e-02
3.7691031e-02
4.3106426e-02
7.8204704e-02
1.0889455e-01
1.1505336e-01
1.0664444e-01
9.9330147e-02
8.9872022e-02
6.5975128e-02
2.5811262e-02
-1.4539755e-02
-3.6819886e-02
-4.1513862e-02
-4.2787330e-02
-5.0691940e-02
-5.9850727e-02
-5.4966238e-02
-3.3999646e-02
-1.0912556e-02
4.2515546e-03
8.6162229e-03
3.8022368e-03
-1.3762315e-03
-1.2702464e-03
1.6037121e-04
1.1388575e-04
9.5054426e-04
6.3688931e-03
2.1639722e-02
5.6022561e-02
1.1651451e-01
1.9037777e-01
2.5037193e-01
2.8777700e-01
3.2087996e-01
3.6322968e-01
4.0950077e-01
4.4837663e-01
4.6805873e-01
4.6455695e-01
4.4054735e-01
3.8542219e-01
2.6761258e-01
6.4497719e-02
-2.0282971e-01
-4.8091321e-01
-7.2422669e-01
-9.1479967e-01
-1.0530774e+00
-1.1442534e+00
-1.1870083e+00
-1.1812995e+00
-1.1458203e+00
-1.1098854e+00
-1.0899403e+00
-1.0737664e+00
-1.0300970e+00
-9.3389307e-01
-7.6547023e-01
-4.9661255e-01
-9.8323734e-02
4.4037362e-01
1.0982281e+00
1.8321209e+00
2.6033924e+00
3.3988243e+00
4.2313160e+00
5.1084458e+00
6.0082274e+00
6.8664469e+00
7.5237414e+00
7.6256634e+00
6.4949837e+00
2.9633306e+00
-2.1427143e+00
-5.7016070e+00
-6.8668627e+00
-6.7767602e+00
-6.0890143e+00
-5.1721737e+00
-4.2361226e+00
-3.4022549e+00
-2.7303497e+00
-2.2284291e+00
-1.8740533e+00
-1.6477609e+00
-1.5592928e+00
-1.6413262e+00
-1.9103466e+00
-2.3475610e+00
-2.9231656e+00
-3.6296055e+00
-4.4742823e+00
-5.4370641e+00
-6.4161730e+00
-7.1819629e+00
-7.3334004e+00
-6.1881666e+00
-2.5783338e+00
2.6321522e+00
6.2443263e+00
7.3952131e+00
7.2492210e+00
6.4849387e+00
5.4928380e+00
4.4862749e+00
3.5708860e+00
2.7825418e+00
2.1211860e+00
1.5847434e+00
1.1764295e+00
8.8430423e-01
6.6694309e-01
4.8345299e-01
3.2756610e-01
2.1549607e-01
1.5108002e-01
1.1501642e-01
8.4489578e-02
5.3292450e-02
3.1795954e-02
2.6020412e-02
2.6688594e-02
2.5473015e-02
2.9406678e-02
4.8048153e-02
7.3751027e-02
9.4493061e-02
1.1549890e-01
1.5106555e-01
2.0504113e-01
2.7060426e-01
3.4416236e-01
4.3135980e-01
5.4438269e-01
7.0066588e-01
9.2132360e-01
1.2190930e+00
1.6005957e+00
2.0850306e+00
2.6957836e+00
3.4423733e+00
4.3179569e+00
5.2908331e+00
6.2731058e+00
7.0604940e+00
7.2583724e+00
6.1804220e+00
2.6608000e+00
-2.4501367e+00
-5.9910679e+00
-7.1246982e+00
-7.0161284e+00
-6.3221173e+00
-5.3986510e+00
-4.4412847e+00
-3.5622611e+00
-2.8157636e+00
-2.2091240e+00
-1.7184216e+00
-1.3150973e+00
-9.8677037e-01
-7.2818347e-01
-5.2947484e-01
-3.8011771e-01
-2.7379365e-01
-1.9941011e-01
-1.4363058e-01
-9.7260295e-02
-5.0204731e-02
-8.3453643e-03
8.0130111e-03
-3.9438116e-03
-2.3238950e-02
-2.5514428e-02
-6.7906491e-03
1.3416819e-02
1.9203482e-02
1.5038618e-02
1.0278580e-02
9.0275272e-03
1.2152153e-02
1.4415056e-02
8.4095336e-03
-6.8154064e-03
-2.4858572e-02
-3.6066521e-02
-3.3019624e-02
-1.6459081e-02
3.5461373e-03
1.4866366e-02
1.0712741e-02
-1.1389761e-03
-2.6087811e-03
9.6129627e-03
2.2752148e-02
2.7342284e-02
2.3843814e-02
2.1037007e-02
2.5464091e-02
3.5075812e-02
4.8547606e-02
6.2592497e-02
6.7232505e-02
5.8076770e-02
3.8595436e-02
1.5071488e-02
-4.4309761e-03
-1.9920299e-02
-3.8204952e-02
-6.0968129e-02
-8.4582758e-02
-1.0032977e-01
-9.9677441e-02
-8.6430070e-02
-7.8583547e-02
-8.8851387e-02
-1.0418163e-01
-1.0091185e-01
-7.5328129e-02
-4.8167105e-02
-3.8744061e-02
-4.4238049e-02
-4.3980646e-02
-2.1388900e-02
1.2812668e-02
3.6044280e-02
4.3107863e-02
4.1462352e-02
3.5492966e-02
2.5387359e-02
1.5725591e-02
1.7261236e-02
3.3567498e-02
5.0270830e-02
5.1757079e-02
3.8298593e-02
2.1051862e-02
1.4265489e-02
1.9982869e-02
2.2280984e-02
8.0346181e-03
-1.7274655e-02
-3.5962116e-02
-3.6677530e-02
-2.5200729e-02
-1.3775517e-02
-6.0581623e-03
3.8285787e-03
1.4760148e-02
1.6001119e-02
9.4343561e-03
7.5020767e-03
1.6332319e-02
3.2271894e-02
4.3871318e-02
4.4191303e-02
4.0090655e-02
4.2412671e-02
5.6284037e-02
7.3752761e-02
7.5728495e-02
5.9504154e-02
3.9401480e-02
2.0164689e-02
-2.3962087e-03
-3.1598237e-02
-6.1670696e-02
-8.0995297e-02
-8.9200988e-02
-9.3648764e-02
-9.8427950e-02
-1.0204770e-01
-9.8089362e-02
-8.8909598e-02
-8.3152313e-02
-7.4528596e-02
-5.3920090e-02
-3.0448434e-02
-1.7739712e-02
-1.7859427e-02
-2.2012658e-02
-1.3255434e-02
1.3074766e-02
3.6559357e-02
3.9235392e-02
2.3925110e-02
7.0030008e-03
8.2299690e-03
3.3505147e-02
6.8780286e-02
9.6936367e-02
1.1532631e-01
1.3135692e-01
1.4842268e-01
1.6244538e-01
1.6600174e-01
1.5320707e-01
1.0658388e-01
2.6808371e-02
-4.6651960e-02
-9.0117981e-02
-9.8883482e-02
-7.5932090e-02
-4.2774926e-02
-2.1041465e-02
-1.6577018e-02
-2.1078755e-02
-2.4635684e-02
-2.4253204e-02
-1.8791210e-02
-3.2503606e-03
2.4156763e-02
5.3446629e-02
6.8877414e-02
6.4870170e-02
5.1839998e-02
4.3628838e-02
4.2290025e-02
3.9852876e-02
2.8067951e-02
7.0249572e-03
-1.1139663e-02
-1.8599543e-02
-3.0202732e-02
-6.5618888e-02
-1.1854544e-01
-1.7280434e-01
-2.2464147e-01
-2.7605406e-01
-3.3133861e-01
-3.9093329e-01
-4.5178050e-01
-5.2174366e-01
-6.2119676e-01
-7.7346893e-01
-9.9579102e-01
-1.2940991e+00
-1.6789853e+00
-2.1723494e+00
-2.7876367e+00
-3.5218649e+00
-4.3665406e+00
-5.3059683e+00
-6.2716646e+00
-7.0629439e+00
-7.2607547e+00
-6.1472566e+00
-2.5629023e+00
2.6032247e+00
6.1680065e+00
7.3038194e+00
7.1845286e+00
6.4692633e+00
5.5329096e+00
4.5929270e+00
3.7579005e+00
3.0633983e+00
2.5126622e+00
2.1111497e+00
1.8738240e+00
1.8044833e+00
1.8924873e+00
2.1290109e+00
2.5150805e+00
3.0569965e+00
3.7529894e+00
4.5877443e+00
5.5204498e+00
6.4489537e+00
7.1662571e+00
7.2967088e+00
6.1686443e+00
2.6133081e+00
-2.5262622e+00
-6.0827876e+00
-7.2022219e+00
-7.0512282e+00
-6.3107380e+00
-5.3609156e+00
-4.3988622e+00
-3.5219553e+00
-2.7777603e+00
-2.1732952e+00
-1.6861068e+00
-1.2878461e+00
-9.6051776e-01
-7.0104636e-01
-5.1553756e-01
-3.9770726e-01
-3.1540372e-01
-2.3111527e-01
-1.3641432e-01
-5.7684640e-02
-1.9826680e-02
-1.9573434e-02
-2.9040839e-02
-2.2702264e-02
-8.5890082e-03
-1.8259605e-03
2.3420389e-03
3.7907482e-03
-5.2584496e-03
-2.0556720e-02
-2.1907323e-02
6.4120228e-03
5.0161471e-02
7.3970663e-02
6.0985295e-02
3.1852619e-02
2.1908385e-02
4.2123371e-02
5.9882878e-02
3.6350927e-02
-2.5972221e-02
-9.0517242e-02
-1.2522659e-01
-1.2753860e-01
-1.1542228e-01
-9.9529894e-02
-7.5596931e-02
-4.0753984e-02
-6.5517950e-04
4.2362262e-02
8.2631487e-02
1.0496594e-01
1.0653856e-01
9.4777023e-02
7.2714117e-02
4.5177315e-02
2.1496119e-02
5.7978749e-03
-2.4790619e-03
-4.6549493e-03
-4.8823406e-03
-5.1514235e-03
-8.6611156e-03
-2.0283492e-02
-3.5703667e-02
-4.3005939e-02
-3.3678570e-02
-1.0234782e-02
1.3658687e-02
2.4733966e-02
2.5317952e-02
2.7065594e-02
2.7199121e-02
8.0952139e-03
-3.8030043e-02
-8.0020586e-02
-7.9126792e-02
-5.0675057e-02
-3.5114586e-02
-4.6714779e-02
-6.5240567e-02
-6.2282369e-02
-3.4840122e-02
3.4608880e-03
3.7508995e-02
4.9337514e-02
2.8156864e-02
-1.2112974e-02
-3.9373189e-02
-3.4049063e-02
-6.3293546e-03
1.3392058e-02
-9.3535211e-04
-4.3725942e-02
-8.5200703e-02
-1.0564532e-01
-1.0742861e-01
-1.0376400e-01
-9.3434286e-02
-4.6694596e-02
3.6646064e-02
1.0704272e-01
1.3734890e-01
1.3130856e-01
1.0504565e-01
8.2556226e-02
7.3820348e-02
7.1769814e-02
6.6785794e-02
6.0806941e-02
6.1370644e-02
6.7468721e-02
7.0932356e-02
6.9961884e-02
7.3617514e-02
8.8519067e-02
1.0412793e-01
1.0447157e-01
9.5377830e-02
1.0022549e-01
1.2888738e-01
1.6064506e-01
1.5856091e-01
9.9779870e-02
-1.1722739e-02
-1.2915653e-01
-1.9300497e-01
-2.0204928e-01
-1.8654514e-01
-1.6372833e-01
-1.4518195e-01
-1.3644639e-01
-1.3022037e-01
-1.0682496e-01
-6.2231221e-02
-2.4192382e-02
-1.9302863e-02
-4.1177658e-02
-5.7488684e-02
-4.4852376e-02
-1.3215467e-02
7.6406140e-03
-7.8295062e-04
-3.1313484e-02
-6.4507234e-02
-8.4133499e-02
-8.4161356e-02
-6.8868984e-02
-4.0102474e-02
1.4031336e-02
8.1102255e-02
1.1826497e-01
1.1872363e-01
9.6479235e-02
4.9465246e-02
-2.4022597e-02
-1.1623103e-01
-2.1199565e-01
-3.0324546e-01
-3.9748797e-01
-5.1707622e-01
-6.9119280e-01
-9.3872163e-01
-1.2648198e+00
-1.6723891e+00
-2.1770969e+00
-2.8068789e+00
-3.5765430e+00
-4.4737718e+00
-5.4569188e+00
-6.4314796e+00
-7.1989272e+00
-7.3731986e+00
-6.2579165e+00
-2.6642565e+00
2.5487370e+00
6.1687332e+00
7.3304174e+00
7.2188587e+00
6.5208312e+00
5.6080864e+00
4.6780192e+00
3.8399259e+00
3.1509281e+00
2.6317666e+00
2.2780005e+00
2.0740533e+00
2.0105008e+00
2.0895653e+00
2.3155941e+00
2.6871828e+00
3.2044520e+00
3.8756870e+00
4.7017798e+00
5.6402980e+00
6.5731808e+00
7.2836988e+00
7.3947715e+00
6.2271793e+00
2.5733320e+00
-2.7170158e+00
-6.3902453e+00
-7.5545828e+00
-7.3890422e+00
-6.5938530e+00
-5.5907819e+00
-4.6136836e+00
-3.7620309e+00
-3.0619525e+00
-2.5173470e+00
-2.1311813e+00
-1.9051994e+00
-1.8366514e+00
-1.9227485e+00
-2.1673681e+00
-2.5732448e+00
-3.1329587e+00
-3.8351014e+00
-4.6691553e+00
-5.6078246e+00
-6.5632587e+00
-7.3228303e+00
-7.4750083e+00
-6.3176585e+00
-2.6803713e+00
2.5526655e+00
6.1549775e+00
7.2694817e+00
7.0945284e+00
6.3246454e+00
5.3436726e+00
4.3587224e+00
3.4741292e+00
2.7315188e+00
2.1338829e+00
1.6613692e+00
1.2893260e+00
1.0019657e+00
7.8498966e-01
6.1554022e-01
4.7525643e-01
3.6704349e-01
3.0326622e-01
2.7765582e-01
2.6426978e-01
2.4718266e-01
2.3354420e-01
2.2823003e-01
2.1619751e-01
1.8260128e-01
1.3386315e-01
8.7420675e-02
5.2933355e-02
3.4392219e-02
3.6977174e-02
6.6526957e-02
1.2247650e-01
1.9225689e-01
2.6418115e-01
3.4766686e-01
4.7454736e-01
6.6995985e-01
9.3116557e-01
1.2492557e+00
1.6391960e+00
2.1350684e+00
2.7640632e+00
3.5327110e+00
4.4280810e+00
5.4097732e+00
6.3799069e+00
7.1357207e+00
7.2917568e+00
6.1593939e+00
2.5629649e+00
-2.6279798e+00
-6.2053555e+00
-7.3186412e+00
-7.1585006e+00
-6.4106942e+00
-5.4457316e+00
-4.4546747e+00
-3.5421909e+00
-2.7619183e+00
-2.1273304e+00
-1.6226938e+00
-1.2187135e+00
-8.9598883e-01
-6.4765469e-01
-4.6370223e-01
-3.2853580e-01
-2.2642328e-01
-1.4464012e-01
-7.8493294e-02
-2.4084805e-02
2.1181418e-02
5.0212101e-02
5.5026031e-02
3.0954856e-02
-2.7997591e-02
-1.0246194e-01
-1.5448982e-01
-1.8671531e-01
-2.1640381e-01
-2.2955227e-01
-2.0287951e-01
-1.4043159e-01
-7.9234905e-02
-4.8428989e-02
-4.2374247e-02
-3.5796439e-02
-1.2081720e-02
2.2503824e-02
5.0831579e-02
6.1777435e-02
5.1869206e-02
2.0199912e-02
-2.3648425e-02
-4.9068986e-02
-3.2592355e-02
9.8544922e-03
4.0488575e-02
3.7607035e-02
1.3795911e-02
5.2284362e-03
2.3711147e-02
3.7338255e-02
2.3507844e-02
-8.1005289e-03
-3.6646563e-02
-4.8665358e-02
-4.8645106e-02
-4.6531353e-02
-4.3224702e-02
-3.1637148e-02
-7.9799372e-03
1.9041248e-02
3.7404739e-02
5.3591161e-02
8.1584925e-02
1.1454755e-01
1.3475870e-01
1.3356239e-01
1.1793422e-01
1.0009893e-01
8.2991984e-02
6.2885294e-02
3.6042840e-02
6.4458408e-03
-1.4169451e-02
-2.5855041e-02
-4.0953472e-02
-6.1797844e-02
-8.3154237e-02
-1.0084615e-01
-1.1102430e-01
-1.1170949e-01
-1.0016221e-01
-7.5932088e-02
-4.9021822e-02
-3.7715928e-02
-5.2848156e-02
-7.8379087e-02
-8.2588963e-02
-5.9705086e-02
-3.9790534e-02
-4.8586753e-02
-7.3193714e-02
-7.6884205e-02
-3.9261752e-02
2.9493190e-02
1.0237620e-01
1.5359175e-01
1.6874298e-01
1.4105399e-01
8.8762215e-02
5.7503100e-02
6.4189332e-02
8.1942946e-02
7.8935326e-02
4.1382494e-02
-1.7864475e-02
-6.5833152e-02
-7.8490946e-02
-6.5559133e-02
-5.6531745e-02
-6.4211669e-02
-7.5338930e-02
-7.3339926e-02
-5.9248864e-02
-4.7721315e-02
-4.7946062e-02
-5.5903848e-02
-6.4375248e-02
-7.2801244e-02
-8.4441812e-02
-9.3827492e-02
-8.5200708e-02
-4.9824455e-02
8.6268486e-03
6.9230032e-02
1.0528737e-01
1.2052140e-01
1.3442952e-01
1.4978140e-01
1.5682269e-01
1.5102655e-01
1.3835701e-01
1.2131798e-01
9.4750299e-02
5.3681605e-02
4.4022072e-03
-3.6210233e-02
-6.0560863e-02
-7.2393210e-02
-7.5142671e-02
-7.2217765e-02
-6.8134213e-02
-6.7616211e-02
-7.3019394e-02
-7.4311694e-02
-5.1235830e-02
-5.6742698e-03
2.6391387e-02
1.5312441e-02
-2.3669824e-02
-4.5428406e-02
-2.5946153e-02
2.1481198e-02
6.7086987e-02
8.6455336e-02
7.5587681e-02
4.7375794e-02
2.2095036e-02
1.6774242e-02
2.9799090e-02
4.3038546e-02
3.9504397e-02
1.3413549e-02
-2.6286605e-02
-5.8863457e-02
-7.0568918e-02
-6.8357709e-02
-7.1778971e-02
-9.1276903e-02
-1.1439337e-01
-1.2099294e-01
-1.0391228e-01
-7.0406204e-02
-2.3083402e-02
2.9328462e-02
6.1219485e-02
6.7952754e-02
5.5091949e-02
2.1826637e-02
-1.9434867e-02
-5.8703620e-02
-1.0511264e-01
-1.7811835e-01
-2.9498169e-01
-4.5645692e-01
-6.5296770e-01
-8.9410260e-01
-1.2073400e+00
-1.6132107e+00
-2.1260840e+00
-2.7641888e+00
-3.5458506e+00
-4.4750387e+00
-5.5083116e+00
-6.5267316e+00
-7.3117491e+00
-7.4721231e+00
-6.3120865e+00
-2.6301292e+00
2.6954308e+00
6.3901339e+00
7.5649499e+00
7.4065747e+00
6.6129461e+00
5.5933751e+00
4.5710147e+00
3.6438599e+00
2.8404409e+00
2.1710533e+00
1.6467340e+00
1.2645839e+00
9.8415020e-01
7.4604130e-01
5.2883688e-01
3.5577429e-01
2.4340973e-01
1.7151551e-01
1.0865513e-01
4.8758054e-02
6.6059392e-03
-1.4266723e-02
-2.7981321e-02
-4.4416271e-02
-5.8133553e-02
-5.6837259e-02
-3.8892377e-02
-1.7648034e-02
-1.4897573e-03
1.9427553e-02
5.7960194e-02
1.1502539e-01
1.8316254e-01
2.5973473e-01
3.5619072e-01
4.9026533e-01
6.7308610e-01
9.0879250e-01
1.2077484e+00
1.5976078e+00
2.1121976e+00
2.7648422e+00
3.5461550e+00
4.4499436e+00
5.4617934e+00
6.4919350e+00
7.3140745e+00
7.5157622e+00
6.3943356e+00
2.7566732e+00
-2.5245107e+00
-6.2023307e+00
-7.3937941e+00
-7.2728737e+00
-6.5231827e+00
-5.5366404e+00
-4.5369170e+00
-3.6403084e+00
-2.8845845e+00
-2.2624176e+00
-1.7536558e+00
-1.3385854e+00
-1.0007131e+00
-7.3486404e-01
-5.3972052e-01
-4.0640691e-01
-3.1839795e-01
-2.5402738e-01
-1.9040184e-01
-1.1739769e-01
-5.0986240e-02
-1.7077605e-02
-2.0406125e-02
-3.4096534e-02
-2.5942716e-02
2.7307179e-03
2.4153266e-02
2.5801958e-02
1.8957529e-02
1.4709834e-02
1.3716456e-02
1.4397569e-02
1.7102524e-02
2.0817913e-02
1.9627494e-02
8.8916841e-03
-9.1450548e-03
-2.3408930e-02
-2.0463449e-02
-1.5130728e-03
1.9214834e-02
2.7434017e-02
1.9491271e-02
6.3669477e-03
2.8738476e-03
1.1339490e-02
2.2119206e-02
2.9476007e-02
3.4849829e-02
4.0387929e-02
4.3066716e-02
3.8668682e-02
2.9903463e-02
2.0786848e-02
1.2475679e-02
6.7223271e-03
6.2415544e-03
1.0406279e-02
8.8517619e-03
-8.9110784e-03
-4.1912822e-02
-8.0059171e-02
-1.0399626e-01
-1.0008992e-01
-8.1282408e-02
-7.5327971e-02
-9.0512865e-02
-1.0640959e-01
-9.8136338e-02
-6.3027522e-02
-2.4641743e-02
-5.6230841e-03
-1.0775143e-02
-3.8268486e-02
-8.8428195e-02
-1.3585337e-01
-1.4044740e-01
-1.1234647e-01
-9.2935714e-02
-1.1258316e-01
-1.7723661e-01
-2.5379339e-01
-3.0712084e-01
-3.4633819e-01
-4.1256289e-01
-5.4056486e-01
-7.3874982e-01
-9.9088811e-01
-1.2861346e+00
-1.6496429e+00
-2.1290716e+00
-2.7585704e+00
-3.5391978e+00
-4.4456011e+00
-5.4334684e+00
-6.4089469e+00
-7.1687558e+00
-7.3235252e+00
-6.1795261e+00
-2.5482744e+00
2.6967605e+00
6.3203514e+00
7.4631847e+00
7.3183760e+00
6.5652418e+00
5.5852967e+00
4.6059054e+00
3.7543342e+00
3.0711704e+00
2.5482566e+00
2.1781391e+00
1.9686393e+00
1.9259357e+00
2.0392907e+00
2.2932852e+00
2.6890995e+00
3.2422826e+00
3.9656469e+00
4.8454360e+00
5.8267558e+00
6.8072646e+00
7.5834727e+00
7.7422328e+00
6.5430819e+00
2.7547681e+00
-2.7030720e+00
-6.4645032e+00
-7.6250479e+00
-7.4362685e+00
-6.6460911e+00
-5.6619595e+00
-4.6695489e+00
-3.7426794e+00
-2.9188032e+00
-2.2243570e+00
-1.6733389e+00
-1.2568024e+00
-9.5005859e-01
-7.2620444e-01
-5.5664502e-01
-4.1874776e-01
-3.0624860e-01
-2.2305941e-01
-1.7461569e-01
-1.5656129e-01
-1.4659023e-01
-1.2681687e-01
-1.0322686e-01
-8.9170017e-02
-7.1407811e-02
-3.3857632e-02
1.1415557e-02
5.3740914e-02
8.2848230e-02
8.7189332e-02
7.4147065e-02
5.9851118e-02
5.2231976e-02
4.8285892e-02
4.3026549e-02
3.7602590e-02
3.5542243e-02
4.0889917e-02
5.5568896e-02
7.5170329e-02
9.4790468e-02
1.0821617e-01
1.0636774e-01
9.0000920e-02
7.6838903e-02
8.4360069e-02
1.1089001e-01
1.3277531e-01
1.1338026e-01
2.5696791e-02
-9.4743042e-02
-1.6950478e-01
-1.7996240e-01
-1.6111477e-01
-1.3918222e-01
-1.2133576e-01
-1.0714185e-01
-9.7591761e-02
-8.9577717e-02
-7.4175592e-02
-4.7653656e-02
-2.1414614e-02
-1.2651382e-02
-2.4623557e-02
-3.9100222e-02
-3.6453446e-02
-1.5211566e-02
1.0135585e-02
1.9433959e-02
5.2983671e-03
-2.0228783e-02
-4.0104414e-02
-4.6355999e-02
-4.0228564e-02
-1.9561797e-02
1.4055304e-02
4.4576055e-02
5.9888401e-02
6.2395136e-02
6.2495697e-02
6.3532303e-02
5.5761671e-02
3.3829173e-02
9.5526854e-03
1.8370662e-03
1.4693146e-02
3.1734559e-02
3.5031423e-02
2.2172709e-02
5.7338916e-03
-1.0286039e-03
3.6686520e-03
1.0975039e-02
1.4059251e-02
1.6934969e-02
2.6916097e-02
4.6417163e-02
6.8873309e-02
8.3125688e-02
8.4884442e-02
7.5004280e-02
5.4253922e-02
2.8737667e-02
1.0399642e-02
8.1394812e-03
1.6912531e-02
1.4983574e-02
-1.3039949e-02
-5.3724413e-02
-7.8617401e-02
-7.3256709e-02
-5.2622415e-02
-4.4469579e-02
-5.4781218e-02
-6.7235356e-02
-7.0276359e-02
-6.4926924e-02
-5.6395387e-02
-4.9406455e-02
-4.6037456e-02
-4.7986383e-02
-5.5317986e-02
-5.9226526e-02
-4.4032266e-02
-3.4623562e-03
4.3466137e-02
6.8598027e-02
6.3969725e-02
4.6005100e-02
4.1043315e-02
5.5729871e-02
6.5215341e-02
5.0098225e-02
2.1705213e-02
1.6400212e-03
-1.1881648e-04
1.1045569e-02
2.1256726e-02
2.2149643e-02
2.2130079e-02
3.0717121e-02
4.0959883e-02
4.5507792e-02
4.6553598e-02
4.4273086e-02
3.6222894e-02
2.2310076e-02
7.2247549e-03
1.5454640e-04
-2.5221859e-03
-1.5874234e-02
-4.0018175e-02
-5.7949009e-02
-5.7468702e-02
-4.8352499e-02
-5.6564949e-02
-1.0006352e-01
-1.7340761e-01
-2.6440619e-01
-3.7405288e-01
-5.1762871e-01
-7.1483358e-01
-9.7190043e-01
-1.2925611e+00
-1.7019550e+00
-2.2332530e+00
-2.9059759e+00
-3.7191384e+00
-4.6469964e+00
-5.6441567e+00
-6.6281532e+00
-7.4020655e+00
-7.5585881e+00
-6.3750592e+00
-2.6293182e+00
2.7731594e+00
6.4986699e+00
7.6663861e+00
7.5106834e+00
6.7393322e+00
5.7476721e+00
4.7582267e+00
3.8909952e+00
3.1845617e+00
2.6272427e+00
2.2105064e+00
1.9546055e+00
1.8797942e+00
1.9710988e+00
2.1968040e+00
2.5527872e+00
3.0664995e+00
3.7581699e+00
4.6085637e+00
5.5551992e+00
6.4877738e+00
7.2113241e+00
7.3531219e+00
6.2200218e+00
2.6246660e+00
-2.5723056e+00
-6.1703643e+00
-7.3095604e+00
-7.1647203e+00
-6.4224551e+00
-5.4651838e+00
-4.4855144e+00
-3.5753220e+00
-2.7856498e+00
-2.1408265e+00
-1.6312059e+00
-1.2256840e+00
-8.9617778e-01
-6.3138543e-01
-4.3448174e-01
-3.0171969e-01
-2.1236313e-01
-1.4202046e-01
-7.9257966e-02
-2.7712086e-02
6.2431301e-03
2.2844273e-02
2.7263273e-02
1.3561016e-02
-3.7936372e-02
-1.1355584e-01
-1.6113020e-01
-1.6081712e-01
-1.3800797e-01
-1.2146034e-01
-1.1590392e-01
-1.0310436e-01
-7.1454417e-02
-3.7673367e-02
-3.1390393e-02
-5.6283513e-02
-7.8393584e-02
-6.7091369e-02
-3.3527355e-02
-6.4090132e-03
2.2609323e-03
-3.5580467e-03
-1.8089658e-02
-4.0301076e-02
-6.1239308e-02
-6.4306132e-02
-4.7963905e-02
-2.8932582e-02
-2.1185797e-02
-1.5561486e-02
3.2053318e-03
3.2851796e-02
6.2929228e-02
7.1835803e-02
4.0590983e-02
-2.0494917e-02
-8.3107539e-02
-1.3584555e-01
-2.0155483e-01
-3.0671314e-01
-4.5985559e-01
-6.6516061e-01
-9.2962143e-01
-1.2641562e+00
-1.6835529e+00
-2.1996216e+00
-2.8291833e+00
-3.5968312e+00
-4.5046070e+00
-5.5039477e+00
-6.4821881e+00
-7.2325800e+00
-7.3824192e+00
-6.2584283e+00
-2.6698844e+00
2.5426673e+00
6.1691663e+00
7.3368730e+00
7.2187620e+00
6.4981735e+00
5.5666933e+00
4.6386958e+00
3.8202552e+00
3.1575921e+00
2.6607807e+00
2.3188459e+00
2.1167168e+00
2.0493316e+00
2.1212714e+00
2.3327422e+00
2.6838155e+00
3.1866387e+00
3.8514832e+00
4.6645687e+00
5.5818134e+00
6.5118548e+00
7.2556858e+00
7.4110084e+00
6.2584491e+00
2.5987103e+00
-2.6841444e+00
-6.3338706e+00
-7.4708975e+00
-7.2909926e+00
-6.5016847e+00
-5.5030944e+00
-4.5078825e+00
-3.6163706e+00
-2.8562237e+00
-2.2163519e+00
-1.6855634e+00
-1.2658002e+00
-9.5653342e-01
-7.3802515e-01
-5.6945010e-01
-4.1512440e-01
-2.7666730e-01
-1.7548120e-01
-1.1426735e-01
-8.0286946e-02
-5.9705128e-02
-4.4339348e-02
-3.3284252e-02
-2.5842870e-02
-2.4782547e-02
-3.3093263e-02
-4.6760834e-02
-6.0010385e-02
-6.8070815e-02
-7.0140779e-02
-7.9417898e-02
-1.1914146e-01
-1.9458096e-01
-2.8942365e-01
-3.9521308e-01
-5.2578377e-01
-7.1173481e-01
-9.7969243e-01
-1.3301479e+00
-1.7532180e+00
-2.2620554e+00
-2.8909263e+00
-3.6676911e+00
-4.5859583e+00
-5.5900462e+00
-6.5699776e+00
-7.3196620e+00
-7.4439533e+00
-6.2474069e+00
-2.5516749e+00
2.7519884e+00
6.4004066e+00
7.5260057e+00
7.3560840e+00
6.6165131e+00
5.6877539e+00
4.7418139e+00
3.8685973e+00
3.1349017e+00
2.5828468e+00
2.2122812e+00
1.9950077e+00
1.9129112e+00
1.9722682e+00
2.1845171e+00
2.5490649e+00
3.0662649e+00
3.7471376e+00
4.5879708e+00
5.5350520e+00
6.4677292e+00
7.1808938e+00
7.3099740e+00
6.1772993e+00
2.5902503e+00
-2.6053618e+00
-6.2077511e+00
-7.3490463e+00
-7.1991393e+00
-6.4425888e+00
-5.4689814e+00
-4.4842833e+00
-3.5767550e+00
-2.7824337e+00
-2.1244421e+00
-1.6039182e+00
-1.1981262e+00
-8.7673935e-01
-6.2193322e-01
-4.3568676e-01
-3.1536827e-01
-2.3463439e-01
-1.6626757e-01
-1.0775703e-01
-7.5809011e-02
-8.0207821e-02
-1.0287588e-01
-1.1307652e-01
-1.0005801e-01
-8.2254038e-02
-8.1584836e-02
-9.7573552e-02
-1.1359482e-01
-1.1733165e-01
-1.1163352e-01
-1.0655760e-01
-1.1510507e-01
-1.5779757e-01
-2.5204856e-01
-3.9734321e-01
-5.7402569e-01
-7.5784093e-01
-9.5416619e-01
-1.2150049e+00
-1.6015654e+00
-2.1392584e+00
-2.8138002e+00
-3.5938572e+00
-4.4595589e+00
-5.3985686e+00
-6.3407908e+00
-7.0846726e+00
-7.2371275e+00
-6.1070060e+00
-2.5117224e+00
2.6905058e+00
6.2928583e+00
7.4272496e+00
7.2649372e+00
6.5014240e+00
5.5476480e+00
4.6209322e+00
3.8048939e+00
3.1215273e+00
2.5838001e+00
2.2012062e+00
1.9735069e+00
1.8929669e+00
1.9497789e+00
2.1454942e+00
2.4965993e+00
3.0150619e+00
3.6935006e+00
4.5095324e+00
5.4292287e+00
6.3726442e+00
7.1332693e+00
7.3020248e+00
6.1848630e+00
2.6206672e+00
-2.5244384e+00
-6.0730096e+00
-7.1926228e+00
-7.0628421e+00
-6.3476468e+00
-5.4033292e+00
-4.4223389e+00
-3.5217714e+00
-2.7700472e+00
-2.1804300e+00
-1.7188324e+00
-1.3389527e+00
-1.0138777e+00
-7.4385803e-01
-5.3999623e-01
-4.0312732e-01
-3.2354387e-01
-2.8327710e-01
-2.5828790e-01
-2.2183809e-01
-1.5715314e-01
-8.6904394e-02
-5.6239211e-02
-7.7413007e-02
-1.2020980e-01
-1.4111017e-01
-1.2592745e-01
-1.0741303e-01
-1.1468895e-01
-1.3755489e-01
-1.5112878e-01
-1.4474546e-01
-1.2790807e-01
-1.1403014e-01
-1.0929107e-01
-1.1297765e-01
-1.1493615e-01
-1.0462198e-01
-8.0596729e-02
-4.6951573e-02
-9.8350289e-03
1.8844533e-02
2.7074378e-02
1.7584334e-02
-1.3036002e-03
-3.0937697e-02
-7.0079227e-02
-1.0110161e-01
-9.8783147e-02
-4.2792177e-02
4.2214039e-02
9.3515710e-02
9.6513629e-02
8.1278488e-02
6.4725951e-02
4.6005613e-02
1.2837866e-02
-4.5808217e-02
-1.2584357e-01
-2.3179065e-01
-3.8647684e-01
-6.0341147e-01
-8.7983176e-01
-1.2117925e+00
-1.6107952e+00
-2.1095865e+00
-2.7442062e+00
-3.5258017e+00
-4.4287140e+00
-5.3977183e+00
-6.3404159e+00
-7.0710687e+00
-7.2191027e+00
-6.1044267e+00
-2.5477842e+00
2.5955588e+00
6.1354575e+00
7.2355071e+00
7.0833637e+00
6.3382641e+00
5.3522832e+00
4.3332416e+00
3.4145524e+00
2.6555155e+00
2.0430975e+00
1.5409803e+00
1.1379653e+00
8.3556900e-01
6.1193075e-01
4.3157148e-01
2.8162085e-01
1.7147243e-01
1.0523659e-01
6.8324967e-02
4.1546870e-02
2.0462727e-02
1.2639846e-02
2.1660420e-02
3.8345555e-02
4.6868371e-02
4.2261504e-02
3.8803167e-02
4.8259501e-02
6.1472187e-02
6.6271605e-02
6.8748320e-02
8.7153575e-02
1.3345827e-01
2.0603171e-01
3.0173886e-01
4.3508604e-01
6.3383771e-01
9.1558397e-01
1.2762730e+00
1.7074484e+00
2.2314805e+00
2.8927780e+00
3.7041131e+00
4.6316568e+00
5.6239474e+00
6.6068315e+00
7.3992688e+00
7.5950512e+00
6.4563287e+00
2.7579809e+00
-2.6059057e+00
-6.3279208e+00
-7.5132119e+00
-7.3735925e+00
-6.6261270e+00
-5.6740940e+00
-4.7283829e+00
-3.8875873e+00
-3.1884074e+00
-2.6414330e+00
-2.2474307e+00
-2.0091441e+00
-1.9318772e+00
-2.0108008e+00
-2.2338038e+00
-2.5937134e+00
-3.0982386e+00
-3.7709872e+00
-4.6145370e+00
-5.5715085e+00
-6.5174892e+00
-7.2373518e+00
-7.3541289e+00
-6.1967681e+00
-2.5942128e+00
2.6031653e+00
6.2096623e+00
7.3668476e+00
7.2451813e+00
6.5277144e+00
5.6006557e+00
4.6699195e+00
3.8314150e+00
3.1228676e+00
2.5634920e+00
2.1662433e+00
1.9252074e+00
1.8225377e+00
1.8596761e+00
2.0610377e+00
2.4454097e+00
3.0106452e+00
3.7400407e+00
4.6096087e+00
5.5815863e+00
6.5648712e+00
7.3472471e+00
7.5201300e+00
6.3805739e+00
2.7447777e+00
-2.5179065e+00
-6.1756805e+00
-7.3493327e+00
-7.2118063e+00
-6.4514148e+00
-5.4718938e+00
-4.4945159e+00
-3.6131781e+00
-2.8483642e+00
-2.1964453e+00
-1.6582034e+00
-1.2410151e+00
-9.3826749e-01
-7.2470494e-01
-5.7574740e-01
-4.7026120e-01
-3.8748369e-01
-3.1047328e-01
-2.3361111e-01
-1.6739970e-01
-1.2386754e-01
-9.7471477e-02
-6.6180882e-02
-1.8689886e-02
2.7020874e-02
4.2926654e-02
2.4736329e-02
-2.2319117e-03
-1.6859419e-02
-2.4098624e-02
-4.0741567e-02
-8.0275000e-02
-1.4686166e-01
-2.4100633e-01
-3.6551545e-01
-5.1836717e-01
-6.9731698e-01
-9.1647777e-01
-1.2100001e+00
-1.6129152e+00
-2.1427051e+00
-2.8004899e+00
-3.5797243e+00
-4.4717633e+00
-5.4515860e+00
-6.4335751e+00
-7.2085307e+00
-7.3753069e+00
-6.2436898e+00
-2.6429042e+00
2.5624964e+00
6.1714662e+00
7.3288820e+00
7.2081228e+00
6.4862649e+00
5.5542047e+00
4.6285956e+00
3.8103653e+00
3.1344436e+00
2.6097643e+00
2.2413794e+00
2.0364603e+00
1.9945809e+00
2.1014034e+00
2.3455389e+00
2.7342282e+00
3.2830746e+00
3.9895091e+00
4.8254860e+00
5.7499358e+00
6.6783741e+00
7.4032140e+00
7.5164830e+00
6.3128172e+00
2.5998627e+00
-2.7251049e+00
-6.3853988e+00
-7.5296615e+00
-7.3910141e+00
-6.6610455e+00
-5.6953419e+00
-4.6892598e+00
-3.7756330e+00
-3.0388817e+00
-2.5034053e+00
-2.1478733e+00
-1.9424862e+00
-1.8727660e+00
-1.9451709e+00
-2.1740503e+00
-2.5655015e+00
-3.1210829e+00
-3.8403290e+00
-4.7043939e+00
-5.6578273e+00
-6.5919782e+00
-7.3082877e+00
-7.4357512e+00
-6.2873411e+00
-2.6491883e+00
2.6239054e+00
6.2736477e+00
7.4215093e+00
7.2656709e+00
6.5010230e+00
5.5242271e+00
4.5551824e+00
3.7019775e+00
3.0102291e+00
2.4957903e+00
2.1535026e+00
1.9649950e+00
1.9185318e+00
2.0176689e+00
2.2678218e+00
2.6695670e+00
3.2305874e+00
3.9617146e+00
4.8535355e+00
5.8610621e+00
6.8749364e+00
7.6651093e+00
7.8133061e+00
6.5992696e+00
2.7885611e+00
-2.7003123e+00
-6.4858253e+00
-7.6790428e+00
-7.5334402e+00
-6.7713533e+00
-5.7962320e+00
-4.8140879e+00
-3.9200642e+00
-3.1627688e+00
-2.5811032e+00
-2.2053091e+00
-2.0347436e+00
-2.0273575e+00
-2.1354417e+00
-2.3558039e+00
-2.7246183e+00
-3.2695711e+00
-3.9883427e+00
-4.8539292e+00
-5.8068654e+00
-6.7398572e+00
-7.4567065e+00
-7.5746328e+00
-6.3894688e+00
-2.6788946e+00
2.6835894e+00
6.4034962e+00
7.5994553e+00
7.4859451e+00
6.7550614e+00
5.7881095e+00
4.8018489e+00
3.9184306e+00
3.1879975e+00
2.6163220e+00
2.2037988e+00
1.9575277e+00
1.8744523e+00
1.9447974e+00
2.1718970e+00
2.5704046e+00
3.1526283e+00
3.9194629e+00
4.8473894e+00
5.8731956e+00
6.8832039e+00
7.6693385e+00
7.8301000e+00
6.6345142e+00
2.8339469e+00
-2.6630789e+00
-6.4727410e+00
-7.6800638e+00
-7.5335995e+00
-6.7685017e+00
-5.7851002e+00
-4.7801687e+00
-3.8397593e+00
-3.0037449e+00
-2.3053205e+00
-1.7629146e+00
-1.3597781e+00
-1.0557945e+00
-8.0908325e-01
-5.9496589e-01
-4.0878985e-01
-2.5344075e-01
-1.3871913e-01
-7.7397800e-02
-6.4969771e-02
-7.2460999e-02
-7.7178585e-02
