3.0305923e-03
-4.8719504e-02
-8.8445831e-02
-1.0793448e-01
-1.0487996e-01
-8.3068395e-02
-5.0722880e-02
-1.7849090e-02
6.5549011e-03
1.6795566e-02
1.1852421e-02
-4.4944373e-03
-2.4893137e-02
-4.0759155e-02
-4.5047863e-02
-3.4545710e-02
-1.0932367e-02
1.9663629e-02
4.8433323e-02
6.6494114e-02
6.7639771e-02
5.0445898e-02
1.9083075e-02
-1.7467268e-02
-4.7694216e-02
-6.0821498e-02
-5.0126883e-02
-1.5141978e-02
3.8210337e-02
9.9642253e-02
1.5773910e-01
2.0289974e-01
2.2876901e-01
2.3185181e-01
2.0995354e-01
1.6063527e-01
8.0786997e-02
-3.2172150e-02
-1.7770893e-01
-3.4902365e-01
-5.3041318e-01
-6.9623347e-01
-8.1239643e-01
-8.4106494e-01
-7.4866022e-01
-5.1623702e-01
-1.4978528e-01
3.1327780e-01
8.0524172e-01
1.2388094e+00
1.5258221e+00
1.5989131e+00
1.4293828e+00
1.0357255e+00
4.8041247e-01
-1.4378922e-01
-7.3383538e-01
-1.1973650e+00
-1.4696089e+00
-1.5229115e+00
-1.3677371e+00
-1.0461192e+00
-6.2005935e-01
-1.5820864e-01
2.7590215e-01
6.3183944e-01
8.7589844e-01
9.9140928e-01
9.7737547e-01
8.4662513e-01
6.2363746e-01
3.4149371e-01
3.7523814e-02
-2.5194239e-01
-4.9642726e-01
-6.7428019e-01
-7.7306103e-01
-7.8792087e-01
-7.1958268e-01
-5.7356104e-01
-3.6122294e-01
-1.0176217e-01
1.7692236e-01
4.4033695e-01
6.5299919e-01
7.8612824e-01
8.2467940e-01
7.7098395e-01
6.4349740e-01
4.7098238e-01
2.8412953e-01
1.0756267e-01
-4.5031025e-02
-1.7126125e-01
-2.7639595e-01
-3.6773392e-01
-4.4945818e-01
-5.1985496e-01
-5.7161408e-01
-5.9471633e-01
-5.8055229e-01
-5.2561364e-01
-4.3338591e-01
-3.1380752e-01
-1.8056796e-01
-4.7296120e-02
7.5900916e-02
1.8420162e-01
2.7745965e-01
3.5759466e-01
4.2534075e-01
4.7805879e-01
5.0977278e-01
5.1343947e-01
4.8436633e-01
4.2320278e-01
3.3716603e-01
2.3890807e-01
1.4336441e-01
6.3705732e-02
7.7909655e-03
-2.3825430e-02
-3.7927422e-02
-4.6799914e-02
-6.4864520e-02
-1.0441955e-01
-1.7153981e-01
-2.6349132e-01
-3.6881981e-01
-4.7046362e-01
-5.5108193e-01
-5.9878103e-01
-6.1103625e-01
-5.9505938e-01
-5.6404756e-01
-5.3031094e-01
-4.9768479e-01
-4.5631746e-01
-3.8250738e-01
-2.4474467e-01
-1.4947279e-02
3.1816856e-01
7.3784101e-01
1.1943894e+00
1.6097810e+00
1.8924636e+00
1.9601887e+00
1.7651614e+00
1.3133534e+00
6.6980723e-01
-5.4501820e-02
-7.3154546e-01
-1.2508006e+00
-1.5464598e+00
-1.6079506e+00
-1.4722698e+00
-1.2038674e+00
-8.7125477e-01
-5.2882586e-01
-2.0889133e-01
7.5573012e-02
3.2087307e-01
5.2085545e-01
6.5915487e-01
7.0917009e-01
6.4227164e-01
4.4138285e-01
1.1483418e-01
-2.9508351e-01
-7.1326959e-01
-1.0446092e+00
-1.1968594e+00
-1.1080816e+00
-7.6984642e-01
-2.3676234e-01
3.8372218e-01
9.5991242e-01
1.3732189e+00
1.5503697e+00
1.4792584e+00
1.2048052e+00
8.0903527e-01
3.8415297e-01
7.9137614e-03
-2.7201756e-01
-4.4216733e-01
-5.1723862e-01
-5.2801825e-01
-5.0800900e-01
-4.8276803e-01
-4.6422823e-01
-4.5045739e-01
-4.2985451e-01
-3.8784075e-01
-3.1372472e-01
-2.0566475e-01
-7.2429563e-02
6.8317063e-02
1.9452737e-01
2.8570596e-01
3.2856201e-01
3.2070876e-01
2.7119124e-01
1.9749036e-01
1.1978497e-01
5.4267057e-02
7.7538166e-03
-2.4473901e-02
-5.6614014e-02
-1.0635486e-01
-1.8660213e-01
-2.9761195e-01
-4.2245381e-01
-5.2791539e-01
-5.7140243e-01
-5.1266595e-01
-3.2772387e-01
-2.1242891e-02
3.6693105e-01
7.6488861e-01
1.0829677e+00
1.2370017e+00
1.1741816e+00
8.9273082e-01
4.4721720e-01
-6.4349286e-02
-5.2844944e-01
-8.4911183e-01
-9.7372413e-01
-9.0279572e-01
-6.8220314e-01
-3.8322763e-01
-7.8968629e-02
1.7482161e-01
3.4948153e-01
4.4267842e-01
4.6948678e-01
4.4975123e-01
3.9671194e-01
3.1101061e-01
1.8222563e-01
-2.6098945e-03
-2.4678624e-01
-5.3308833e-01
-8.1955360e-01
-1.0451273e+00
-1.1450577e+00
-1.0718117e+00
-8.1410458e-01
-4.0596928e-01
7.9256890e-02
5.4905315e-01
9.1847859e-01
1.1330529e+00
1.1795370e+00
1.0823805e+00
8.8957435e-01
6.5483979e-01
4.2285507e-01
2.2151364e-01
6.1639715e-02
-5.8247782e-02
-1.4562859e-01
-2.0897224e-01
-2.5524494e-01
-2.8959923e-01
-3.1608624e-01
-3.3822433e-01
-3.5880233e-01
-3.7901021e-01
-3.9751138e-01
-4.1015871e-01
-4.1071440e-01
-3.9241747e-01
-3.4988420e-01
-2.8079668e-01
-1.8703065e-01
-7.5027864e-02
4.4791583e-02
1.5973905e-01
2.5747192e-01
3.2869674e-01
3.6888066e-01
3.7835141e-01
3.6104877e-01
3.2280011e-01
2.6997278e-01
2.0888508e-01
1.4577916e-01
8.6774057e-02
3.7281076e-02
8.9819931e-04
-2.1594287e-02
-3.2398334e-02
-3.5795711e-02
-3.6639369e-02
-3.8994779e-02
-4.5440481e-02
-5.7050103e-02
-7.3750648e-02
-9.4744329e-02
-1.1884263e-01
-1.4465611e-01
-1.7058409e-01
-1.9460600e-01
-2.1401673e-01
-2.2530637e-01
-2.2431202e-01
-2.0671394e-01
-1.6895860e-01
-1.0958390e-01
-3.0602260e-02
6.1711371e-02
1.5724106e-01
2.4381868e-01
3.0993294e-01
3.4750407e-01
3.5381513e-01
3.3194726e-01
2.8952336e-01
2.3610638e-01
1.8009209e-01
1.2621717e-01
7.4661946e-02
2.2088955e-02
-3.5904494e-02
-1.0202664e-01
-1.7534156e-01
-2.5077271e-01
-3.2004588e-01
-3.7352760e-01
-4.0223465e-01
-3.9949056e-01
-3.6208326e-01
-2.9102906e-01
-1.9199227e-01
-7.5135843e-02
4.5982793e-02
1.5660205e-01
2.4359035e-01
2.9806367e-01
3.1700760e-01
3.0354685e-01
2.6589805e-01
2.1528372e-01
1.6327484e-01
1.1918934e-01
8.8194550e-02
7.0571031e-02
6.2271699e-02
5.6585978e-02
4.6444369e-02
2.6689602e-02
-4.3932447e-03
-4.4736874e-02
-8.9323871e-02
-1.3176608e-01
-1.6607685e-01
-1.8820029e-01
-1.9701244e-01
-1.9454740e-01
-1.8523282e-01
-1.7416188e-01
-1.6489056e-01
-1.5763405e-01
-1.4871404e-01
-1.3163630e-01
-9.9512017e-02
-4.7979315e-02
2.2468544e-02
1.0568329e-01
1.9097065e-01
2.6574542e-01
3.1878535e-01
3.4299799e-01
3.3692995e-01
3.0473908e-01
2.5472831e-01
1.9678691e-01
1.3936357e-01
8.6908573e-02
3.8801419e-02
-9.6486999e-03
-6.4403388e-02
-1.2920612e-01
-2.0283752e-01
-2.7822877e-01
-3.4381599e-01
-3.8669863e-01
-3.9650048e-01
-3.6854620e-01
-3.0523795e-01
-2.1528273e-01
-1.1127881e-01
-6.6551047e-03
8.7067537e-02
1.6204387e-01
2.1463098e-01
2.4479038e-01
2.5484392e-01
2.4824705e-01
2.2887924e-01
2.0088218e-01
1.6862784e-01
1.3633759e-01
1.0725676e-01
8.2789184e-02
6.2181205e-02
4.3060742e-02
2.2627356e-02
-1.0650468e-03
-2.8306557e-02
-5.7720975e-02
-8.6956621e-02
-1.1363638e-01
-1.3605628e-01
-1.5340060e-01
-1.6559850e-01
-1.7305702e-01
-1.7636687e-01
-1.7594787e-01
-1.7163846e-01
-1.6235981e-01
-1.4603501e-01
-1.1987593e-01
-8.1065470e-02
-2.7802205e-02
3.9456505e-02
1.1694649e-01
1.9729115e-01
2.7035786e-01
3.2526434e-01
3.5299546e-01
3.4877900e-01
3.1343472e-01
2.5322974e-01
1.7815714e-01
9.9006254e-02
2.4149077e-02
-4.2634566e-02
-1.0220404e-01
-1.5788528e-01
-2.1219713e-01
-2.6417207e-01
-3.0854134e-01
-3.3703193e-01
-3.4112207e-01
-3.1518670e-01
-2.5893753e-01
-1.7828225e-01
-8.4231500e-02
9.7954456e-03
9.1311561e-02
1.5163046e-01
1.8741957e-01
2.0059436e-01
1.9676119e-01
1.8291643e-01
1.6534775e-01
1.4843635e-01
1.3442868e-01
1.2370351e-01
1.1502573e-01
1.0570793e-01
9.2033858e-02
7.0295561e-02
3.8331514e-02
-3.0736397e-03
-4.9692496e-02
-9.4662202e-02
-1.3043964e-01
-1.5127212e-01
-1.5524692e-01
-1.4499735e-01
-1.2665375e-01
-1.0747797e-01
-9.3276832e-02
-8.6688303e-02
-8.6811544e-02
-8.9932829e-02
-9.0792123e-02
-8.3963980e-02
-6.5146488e-02
-3.2222038e-02
1.4076901e-02
7.0060947e-02
1.2962417e-01
1.8538793e-01
2.3021976e-01
2.5870402e-01
2.6807937e-01
2.5836202e-01
2.3174004e-01
1.9156625e-01
1.4127968e-01
8.3527845e-02
1.9786139e-02
-4.9276903e-02
-1.2274177e-01
-1.9816733e-01
-2.7078558e-01
-3.3363040e-01
-3.7861861e-01
-3.9821878e-01
-3.8719477e-01
-3.4396112e-01
-2.7121770e-01
-1.7568551e-01
-6.6976244e-02
4.4103546e-02
1.4732847e-01
2.3447098e-01
3.0015051e-01
3.4212970e-01
3.6116669e-01
3.6052582e-01
3.4521993e-01
3.2102930e-01
2.9330263e-01
2.6556225e-01
2.3815249e-01
2.0754718e-01
1.6707832e-01
1.0937275e-01
2.9827974e-02
-7.0332139e-02
-1.8291899e-01
-2.9428159e-01
-3.8904332e-01
-4.5478344e-01
-4.8608388e-01
-4.8661062e-01
-4.6843891e-01
-4.4851657e-01
-4.4292824e-01
-4.6031579e-01
-4.9623902e-01
-5.3038943e-01
-5.2835983e-01
-4.4888630e-01
-2.5593385e-01
6.6985318e-02
5.0449534e-01
1.0037595e+00
1.4792790e+00
1.8292214e+00
1.9607474e+00
1.8179182e+00
1.4030905e+00
7.8291334e-01
7.4227163e-02
-5.8726563e-01
-1.0849279e+00
-1.3517471e+00
-1.3830059e+00
-1.2285426e+00
-9.6994455e-01
-6.9233844e-01
-4.6044783e-01
-3.0542837e-01
-2.2447430e-01
-1.9096351e-01
-1.7007567e-01
-1.3395380e-01
-7.1541529e-02
9.4486277e-03
8.8266093e-02
1.4191691e-01
1.5665347e-01
1.3539777e-01
9.7814065e-02
7.2840570e-02
8.6860241e-02
1.5265098e-01
2.6386624e-01
3.9725857e-01
5.2129823e-01
6.0699330e-01
6.3619373e-01
6.0468027e-01
5.2034887e-01
3.9877755e-01
2.5857939e-01
1.1784570e-01
-8.2093616e-03
-1.0891600e-01
-1.7962153e-01
-2.2301014e-01
-2.4973638e-01
-2.7747213e-01
-3.2751894e-01
-4.1870434e-01
-5.5937911e-01
-7.3974145e-01
-9.2780607e-01
-1.0723132e+00
-1.1141742e+00
-1.0047100e+00
-7.2501302e-01
-2.9839464e-01
2.1075295e-01
7.1292344e-01
1.1186506e+00
1.3630471e+00
1.4208911e+00
1.3082858e+00
1.0724218e+00
7.7463540e-01
4.7299453e-01
2.0946833e-01
4.2750283e-03
-1.4266268e-01
-2.4521555e-01
-3.2244796e-01
-3.9071404e-01
-4.5840013e-01
-5.2415617e-01
-5.7844136e-01
-6.0749244e-01
-5.9841966e-01
-5.4397538e-01
-4.4562576e-01
-3.1397025e-01
-1.6630432e-01
-2.2049331e-02
1.0241856e-01
1.9767320e-01
2.6241548e-01
3.0159102e-01
3.2250873e-01
3.3090497e-01
3.2873643e-01
3.1443014e-01
2.8505178e-01
2.3902146e-01
1.7792969e-01
1.0666096e-01
3.2039573e-02
-3.9049652e-02
-1.0107970e-01
-1.5038707e-01
-1.8490740e-01
-2.0358340e-01
-2.0588984e-01
-1.9177781e-01
-1.6213632e-01
-1.1959133e-01
-6.9168791e-02
-1.8252887e-02
2.4470397e-02
5.0930996e-02
5.5939392e-02
3.9149706e-02
6.0639382e-03
-3.2514420e-02
-6.2873828e-02
-7.2274267e-02
-5.3150608e-02
-6.0469614e-03
5.9997509e-02
1.2994842e-01
1.8740855e-01
2.1983948e-01
2.2255983e-01
2.0003249e-01
1.6383779e-01
1.2794883e-01
1.0305873e-01
9.2232948e-02
8.9697382e-02
8.3248659e-02
5.9241153e-02
8.1119923e-03
-7.1658258e-02
-1.7246188e-01
-2.7947209e-01
-3.7462600e-01
-4.4127011e-01
-4.6813202e-01
-4.5175216e-01
-3.9708608e-01
-3.1637210e-01
-2.2648405e-01
-1.4508724e-01
-8.6169903e-02
-5.5801150e-02
-4.9079328e-02
-4.9211563e-02
-2.9563372e-02
4.0819070e-02
1.8846785e-01
4.2491909e-01
7.3693667e-01
1.0811176e+00
1.3865308e+00
1.5675700e+00
1.5459679e+00
1.2766703e+00
7.6877511e-01
9.2206455e-02
-6.3527545e-01
-1.2783962e+00
-1.7217104e+00
-1.9002261e+00
-1.8128558e+00
-1.5158719e+00
-1.1010206e+00
-6.6717596e-01
-2.9477264e-01
-2.9685060e-02
1.2078113e-01
1.8105064e-01
1.9353160e-01
2.0280419e-01
2.4203944e-01
3.2467198e-01
4.4286086e-01
5.7262910e-01
6.8379600e-01
7.5130442e-01
7.6398208e-01
7.2765137e-01
6.6163295e-01
5.9020219e-01
5.3237995e-01
4.9390732e-01
4.6433377e-01
4.2025319e-01
3.3351409e-01
1.8151049e-01
-4.3881362e-02
-3.3139697e-01
-6.5069676e-01
-9.5762796e-01
-1.2031212e+00
-1.3438153e+00
-1.3522941e+00
-1.2248225e+00
-9.8448973e-01
-6.7792253e-01
-3.6486424e-01
-1.0224825e-01
7.2835401e-02
1.5532808e-01
1.7446828e-01
1.8416174e-01
2.4357117e-01
3.9380058e-01
6.3887488e-01
9.3899145e-01
1.2204314e+00
1.4000076e+00
1.4150266e+00
1.2463777e+00
9.2509485e-01
5.2029578e-01
1.1445124e-01
-2.2353348e-01
-4.5733785e-01
-5.8849961e-01
-6.4793911e-01
-6.7875340e-01
-7.1766185e-01
-7.8167832e-01
-8.6359023e-01
-9.3633540e-01
-9.6371921e-01
-9.1353528e-01
-7.6885904e-01
-5.3398636e-01
-2.3334522e-01
9.5563709e-02
4.1177954e-01
6.7910431e-01
8.7064166e-01
9.6993374e-01
9.7070410e-01
8.7712123e-01
7.0491400e-01
4.8179860e-01
2.4487308e-01
3.3670477e-02
-1.1993431e-01
-2.0126983e-01
-2.1740114e-01
-1.9392862e-01
-1.6479450e-01
-1.5912544e-01
-1.9046623e-01
-2.5256287e-01
-3.2297294e-01
-3.7269546e-01
-3.7790087e-01
-3.2924081e-01
-2.3522549e-01
-1.1852834e-01
-7.0154717e-03
7.6504264e-02
1.2148836e-01
1.3121354e-01
1.1883224e-01
1.0049795e-01
8.9025815e-02
9.0616306e-02
1.0506769e-01
1.2805640e-01
1.5363373e-01
1.7598541e-01
1.9056510e-01
1.9494110e-01
1.8915616e-01
1.7495480e-01
1.5362980e-01
1.2343040e-01
7.8526690e-02
1.1265470e-02
-8.2471394e-02
-1.9749870e-01
-3.1697920e-01
-4.1587355e-01
-4.6926105e-01
-4.6169061e-01
-3.9314861e-01
-2.7914923e-01
-1.4536246e-01
-1.9321903e-02
7.7698143e-02
1.3618123e-01
1.5980847e-01
1.6248966e-01
1.6194312e-01
1.7222105e-01
1.9836913e-01
2.3561389e-01
2.7309645e-01
2.9964044e-01
3.0820236e-01
2.9708870e-01
2.6843438e-01
2.2584563e-01
1.7270202e-01
1.1130678e-01
4.2373081e-02
-3.5214554e-02
-1.2364357e-01
-2.2379772e-01
-3.3187706e-01
-4.3697676e-01
-5.2170619e-01
-5.6646821e-01
-5.5593759e-01
-4.8497049e-01
-3.6136643e-01
-2.0431420e-01
-3.9160323e-02
1.0948138e-01
2.2380212e-01
2.9608535e-01
3.2843527e-01
3.2958974e-01
3.1053853e-01
2.8091479e-01
2.4743909e-01
2.1445755e-01
1.8549274e-01
1.6430394e-01
1.5442991e-01
1.5726626e-01
1.6979095e-01
1.8348322e-01
1.8552975e-01
1.6233305e-01
1.0420816e-01
9.5117188e-03
-1.1344636e-01
-2.4757655e-01
-3.7100916e-01
-4.6265642e-01
-5.0758995e-01
-5.0062826e-01
-4.4713254e-01
-3.6085967e-01
-2.5961533e-01
-1.6012053e-01
-7.3717320e-02
-4.2254321e-03
5.1502428e-02
1.0076939e-01
1.5122459e-01
2.0754386e-01
2.6964938e-01
3.3273310e-01
3.8869374e-01
4.2830797e-01
4.4346884e-01
4.2896489e-01
3.8345176e-01
3.0949807e-01
2.1285678e-01
1.0130555e-01
-1.6589929e-02
-1.3255066e-01
-2.3934525e-01
-3.3108487e-01
-4.0294283e-01
-4.5044383e-01
-4.6885798e-01
-4.5342721e-01
-4.0087079e-01
-3.1189972e-01
-1.9365625e-01
-6.0582032e-02
6.7399238e-02
1.6936175e-01
2.2914597e-01
2.4020835e-01
2.0755508e-01
1.4600802e-01
7.5667537e-02
1.6467205e-02
-1.6358212e-02
-1.4946765e-02
2.0371956e-02
8.1651748e-02
1.5495861e-01
2.2303753e-01
2.6895784e-01
2.8011148e-01
2.5136990e-01
1.8626133e-01
9.5752698e-02
-4.8799688e-03
-1.0002794e-01
-1.7740095e-01
-2.3041909e-01
-2.5881544e-01
-2.6739326e-01
-2.6338844e-01
-2.5333651e-01
-2.4055883e-01
-2.2418712e-01
-2.0003312e-01
-1.6282980e-01
-1.0884079e-01
-3.7837463e-02
4.6124450e-02
1.3519016e-01
2.1917538e-01
2.8759036e-01
3.3176224e-01
3.4663958e-01
3.3190772e-01
2.9210189e-01
2.3555993e-01
1.7233720e-01
1.1152005e-01
5.8632162e-02
1.3989158e-02
-2.7210033e-02
-7.2743775e-02
-1.2969360e-01
-2.0051206e-01
-2.8038363e-01
-3.5706944e-01
-4.1357191e-01
-4.3291986e-01
-4.0356546e-01
-3.2361885e-01
-2.0247487e-01
-5.9144032e-02
8.2396059e-02
1.9947203e-01
2.7655690e-01
3.0870990e-01
3.0156666e-01
2.6815696e-01
2.2392359e-01
1.8180604e-01
1.4906189e-01
1.2669800e-01
1.1123479e-01
9.7569655e-02
8.1470173e-02
6.0777044e-02
3.5277181e-02
5.8599662e-03
-2.6301405e-02
-6.0114959e-02
-9.4482783e-02
-1.2802556e-01
-1.5890878e-01
-1.8492729e-01
-2.0382595e-01
-2.1370853e-01
-2.1335552e-01
-2.0232061e-01
-1.8078735e-01
-1.4930520e-01
-1.0860717e-01
-5.9665379e-02
-3.9893017e-03
5.5974752e-02
1.1655067e-01
1.7285031e-01
2.1924335e-01
2.5027749e-01
2.6185696e-01
2.5235582e-01
2.2333543e-01
1.7961475e-01
1.2854916e-01
7.8534545e-02
3.7003902e-02
8.4358147e-03
-7.0040886e-03
-1.3686988e-02
-1.9399982e-02
-3.3036601e-02
-6.1620598e-02
-1.0750827e-01
-1.6677661e-01
-2.2957808e-01
-2.8255163e-01
-3.1253169e-01
-3.1028515e-01
-2.7307457e-01
-2.0534188e-01
-1.1742998e-01
-2.2812540e-02
6.5296097e-02
1.3690616e-01
1.8688786e-01
2.1485915e-01
2.2363689e-01
2.1719478e-01
1.9919610e-01
1.7269045e-01
1.4081188e-01
1.0771969e-01
7.8861831e-02
6.0012875e-02
5.5288580e-02
6.5033488e-02
8.4668188e-02
1.0517883e-01
1.1523206e-01
1.0428399e-01
6.5725742e-02
-9.0538663e-04
-8.9362315e-02
-1.8799885e-01
-2.8253826e-01
-3.5932448e-01
-4.0795773e-01
-4.2263498e-01
-4.0216715e-01
-3.4913531e-01
-2.6881786e-01
-1.6838596e-01
-5.6498625e-02
5.6991732e-02
1.6172653e-01
2.4826208e-01
3.1009070e-01
3.4558009e-01
3.5880731e-01
3.5842412e-01
3.5449454e-01
3.5433611e-01
3.5903700e-01
3.6209266e-01
3.5078071e-01
3.0999542e-01
2.2753309e-01
9.9252468e-02
-6.7705608e-02
-2.5499298e-01
-4.3657508e-01
-5.8454018e-01
-6.7538726e-01
-6.9513321e-01
-6.4212795e-01
-5.2708345e-01
-3.7045688e-01
-1.9790152e-01
-3.4841717e-02
9.8681181e-02
1.9176536e-01
2.4403513e-01
2.6419854e-01
2.6618928e-01
2.6413401e-01
2.6776708e-01
2.7973116e-01
2.9551856e-01
3.0582339e-01
3.0020411e-01
2.7065485e-01
2.1406479e-01
1.3323549e-01
3.6588278e-02
-6.3244687e-02
-1.5179677e-01
-2.1580755e-01
-2.4631079e-01
-2.4094294e-01
-2.0471827e-01
-1.4886260e-01
-8.7846824e-02
-3.5427708e-02
-1.0319448e-03
1.2172417e-02
6.8297657e-03
-1.1103499e-02
-3.5719715e-02
-6.3784150e-02
-9.5267711e-02
-1.3134940e-01
-1.7076680e-01
-2.0650343e-01
-2.2504632e-01
-2.0951920e-01
-1.4616343e-01
-3.1679651e-02
1.2212901e-01
2.8929570e-01
4.3657910e-01
5.3353903e-01
5.6133772e-01
5.1673674e-01
4.1051987e-01
2.6221180e-01
9.4050766e-02
-7.3444742e-02
-2.2351292e-01
-3.4341485e-01
-4.2416377e-01
-4.6064185e-01
-4.5224561e-01
-4.0351920e-01
-3.2398787e-01
-2.2667152e-01
-1.2541911e-01
-3.1902776e-02
4.6605229e-02
1.0786845e-01
1.5361967e-01
1.8735295e-01
2.1194341e-01
2.2809016e-01
2.3419290e-01
2.2759275e-01
2.0643252e-01
1.7110880e-01
1.2462839e-01
7.1929188e-02
1.8781557e-02
-2.9174705e-02
-6.7172985e-02
-9.2053063e-02
-1.0302347e-01
-1.0211400e-01
-9.3863230e-02
-8.4114680e-02
-7.8324428e-02
-8.0084853e-02
-9.0396819e-02
-1.0772579e-01
-1.2849398e-01
-1.4767898e-01
-1.5944969e-01
-1.5792943e-01
-1.3812651e-01
-9.6956900e-02
-3.4224715e-02
4.6595548e-02
1.3798869e-01
2.2874152e-01
3.0529736e-01
3.5419617e-01
3.6520487e-01
3.3420680e-01
2.6469185e-01
1.6709572e-01
5.6181113e-02
-5.2458462e-02
-1.4546928e-01
-2.1358558e-01
-2.5220276e-01
-2.6106020e-01
-2.4340193e-01
-2.0479825e-01
-1.5181008e-01
-9.0858774e-02
-2.7709191e-02
3.2315965e-02
8.3727117e-02
1.2048007e-01
1.3634275e-01
1.2618848e-01
8.7961438e-02
2.4689177e-02
-5.4362876e-02
-1.3432178e-01
-1.9756727e-01
-2.2833460e-01
-2.1766468e-01
-1.6692861e-01
-8.8464878e-02
-2.7034089e-03
6.7747498e-02
1.0547165e-01
1.0472588e-01
7.4625958e-02
3.7455409e-02
2.2018209e-02
5.3656747e-02
1.4391002e-01
2.8334418e-01
4.4057282e-01
5.6884846e-01
6.1912848e-01
5.5590770e-01
3.7042596e-01
8.6092977e-02
-2.4650443e-01
-5.6355281e-01
-8.0567253e-01
-9.3271943e-01
-9.3105494e-01
-8.1231342e-01
-6.0591520e-01
-3.4898556e-01
-7.7081403e-02
1.8195479e-01
4.0993694e-01
5.9625253e-01
7.3323692e-01
8.1155659e-01
8.1837800e-01
7.4004530e-01
5.6886264e-01
3.1129524e-01
-6.3442303e-03
-3.3816107e-01
-6.2630970e-01
-8.1469689e-01
-8.6495078e-01
-7.6925630e-01
-5.5474135e-01
-2.7652462e-01
-1.0469828e-03
2.1408647e-01
3.3576649e-01
3.6101469e-01
3.1205273e-01
2.2458303e-01
1.3469565e-01
6.8862525e-02
3.9208951e-02
4.3961484e-02
7.1463704e-02
1.0568729e-01
1.3151992e-01
1.3875518e-01
1.2422107e-01
9.1829751e-02
5.0701778e-02
1.1975430e-02
-1.4708769e-02
-2.3974828e-02
-1.5967570e-02
4.0621578e-03
2.7422068e-02
4.4217981e-02
4.5587461e-02
2.5559774e-02
-1.7662541e-02
-8.1119901e-02
-1.5734065e-01
-2.3561399e-01
-3.0438006e-01
-3.5431226e-01
-3.8095165e-01
-3.8547767e-01
-3.7284015e-01
-3.4780370e-01
-3.1068404e-01
-2.5498306e-01
-1.6853461e-01
-3.8393868e-02
1.4193010e-01
3.6555328e-01
6.0859985e-01
8.3207297e-01
9.8966427e-01
1.0398876e+00
9.5915608e-01
7.5143236e-01
4.5033572e-01
1.1160802e-01
-2.0245664e-01
-4.4113374e-01
-5.7887850e-01
-6.1939635e-01
-5.8955031e-01
-5.2661383e-01
-4.6433747e-01
-4.2277786e-01
-4.0465248e-01
-3.9829281e-01
-3.8505684e-01
-3.4793009e-01
-2.7816559e-01
-1.7795291e-01
-5.8768154e-02
6.3347609e-02
1.7336095e-01
2.6144367e-01
3.2445186e-01
3.6461635e-01
3.8644683e-01
3.9340009e-01
3.8585682e-01
3.6141295e-01
3.1743791e-01
2.5456597e-01
1.7898654e-01
1.0184325e-01
3.5708297e-02
-1.0134875e-02
-3.3255484e-02
-3.8941014e-02
-3.8238608e-02
-4.4159179e-02
-6.7462169e-02
-1.1328860e-01
-1.7944555e-01
-2.5663831e-01
-3.3053998e-01
-3.8523436e-01
-4.0720605e-01
-3.8879061e-01
-3.3005826e-01
-2.3859962e-01
-1.2742725e-01
-1.1796913e-02
9.4069849e-02
1.7953697e-01
2.3888024e-01
2.7132730e-01
2.8016910e-01
2.7144173e-01
2.5247590e-01
2.3039308e-01
2.1070503e-01
1.9638208e-01
1.8766390e-01
1.8245064e-01
1.7681176e-01
1.6536108e-01
1.4174027e-01
9.9672935e-02
3.4750305e-02
-5.3475368e-02
-1.5993299e-01
-2.7380757e-01
-3.7997151e-01
-4.6179499e-01
-5.0462753e-01
-4.9907900e-01
-4.4326242e-01
-3.4334226e-01
-2.1213841e-01
-6.6208683e-02
7.7512555e-02
2.0432290e-01
3.0303562e-01
3.6627223e-01
3.9052547e-01
3.7640955e-01
3.2886417e-01
2.5680376e-01
1.7195754e-01
8.7032672e-02
1.3547518e-02
-4.0167510e-02
-7.0151249e-02
-7.6691227e-02
-6.3113901e-02
-3.4434256e-02
3.1970055e-03
4.2171716e-02
7.3080701e-02
8.5397069e-02
6.9639760e-02
2.0570094e-02
-5.9768368e-02
-1.6063410e-01
-2.6385975e-01
-3.4783256e-01
-3.9298894e-01
-3.8691912e-01
-3.2738753e-01
-2.2253887e-01
-8.8652124e-02
5.3573647e-02
1.8319991e-01
2.8295556e-01
3.4228399e-01
3.5894058e-01
3.3867175e-01
2.9296227e-01
2.3548360e-01
1.7833945e-01
1.2921747e-01
9.0169081e-02
5.8193059e-02
2.7270291e-02
-8.9019170e-03
-5.4360386e-02
-1.0920789e-01
-1.6915920e-01
-2.2632577e-01
-2.7110077e-01
-2.9484278e-01
-2.9270109e-01
-2.6550101e-01
-2.1960120e-01
-1.6438876e-01
-1.0828464e-01
-5.5046506e-02
-2.2331666e-03
5.7130190e-02
1.3007729e-01
2.1826358e-01
3.1412660e-01
4.0065705e-01
4.5522160e-01
4.5616989e-01
3.8997457e-01
2.5665188e-01
7.1892498e-02
-1.3474024e-01
-3.2528282e-01
-4.6147451e-01
-5.1384794e-01
-4.6976779e-01
-3.3821617e-01
-1.4936223e-01
5.2024171e-02
2.1823759e-01
3.1194491e-01
3.1647085e-01
2.3934749e-01
1.0811651e-01
-3.9642725e-02
-1.6814345e-01
-2.5286147e-01
-2.8471968e-01
-2.6840319e-01
-2.1662856e-01
-1.4356386e-01
-6.0330818e-02
2.6072280e-02
1.1103550e-01
1.8968531e-01
2.5528050e-01
2.9963210e-01
3.1523756e-01
2.9800094e-01
2.4930908e-01
1.7662685e-01
9.2319447e-02
1.0894481e-02
-5.4726007e-02
-9.6877644e-02
-1.1545865e-01
-1.1774189e-01
-1.1540481e-01
-1.1966590e-01
-1.3632243e-01
-1.6266748e-01
-1.8766908e-01
-1.9564869e-01
-1.7238008e-01
-1.1152241e-01
-1.9014300e-02
8.6382979e-02
1.7699051e-01
2.2371665e-01
2.0515392e-01
1.1571014e-01
-2.9761597e-02
-1.9686224e-01
-3.3893909e-01
-4.0967784e-01
-3.7762717e-01
-2.3777053e-01
-1.5497600e-02
2.3937017e-01
4.6707622e-01
6.1581487e-01
6.5625473e-01
5.8754941e-01
4.3360315e-01
2.3232765e-01
2.2764620e-02
-1.6523353e-01
-3.1587585e-01
-4.2630819e-01
-5.0102759e-01
-5.4475917e-01
-5.5704292e-01
-5.3085104e-01
-4.5573033e-01
-3.2406532e-01
-1.3786438e-01
8.6698931e-02
3.1904606e-01
5.1907871e-01
6.4653504e-01
6.7257093e-01
5.8990714e-01
4.1741678e-01
1.9639723e-01
-2.0990369e-02
-1.8701467e-01
-2.7157297e-01
-2.6873128e-01
-1.9524820e-01
-8.2848756e-02
3.2273056e-02
1.1916520e-01
1.5857713e-01
1.4521449e-01
8.6133264e-02
-3.5145442e-03
-1.0570777e-01
-2.0407367e-01
-2.8653991e-01
-3.4584849e-01
-3.7849414e-01
-3.8308042e-01
-3.5902288e-01
-3.0613419e-01
-2.2515458e-01
-1.1891447e-01
6.4202267e-03
1.4070140e-01
2.7039508e-01
3.8064318e-01
4.5822510e-01
4.9426867e-01
4.8572504e-01
4.3533857e-01
3.5046953e-01
2.4135402e-01
1.1936717e-01
-4.2291392e-03
-1.1878956e-01
-2.1423531e-01
-2.8114697e-01
-3.1173888e-01
-3.0180045e-01
-2.5280462e-01
-1.7305873e-01
-7.7246002e-02
1.5583016e-02
8.5182342e-02
1.1408516e-01
9.1931244e-02
1.9273361e-02
-9.0498166e-02
-2.1251985e-01
-3.1572010e-01
-3.7100400e-01
-3.5974989e-01
-2.7945990e-01
-1.4440862e-01
1.8915884e-02
1.7991421e-01
3.1272483e-01
4.0284781e-01
4.4938180e-01
4.6232163e-01
4.5618323e-01
4.4248166e-01
4.2387556e-01
3.9219236e-01
3.3128591e-01
2.2399402e-01
6.0850629e-02
-1.5265058e-01
-3.9311899e-01
-6.2216093e-01
-7.9477327e-01
-8.7118049e-01
-8.2873985e-01
-6.6994549e-01
-4.2331160e-01
-1.3632977e-01
1.3711755e-01
3.5039942e-01
4.7448795e-01
5.0249645e-01
4.4800655e-01
3.3844967e-01
2.0595948e-01
7.8674480e-02
-2.4831138e-02
-9.6532449e-02
-1.3569477e-01
-1.4348059e-01
-1.1856265e-01
-5.6516125e-02
4.6164136e-02
1.8528259e-01
3.4322979e-01
4.8814478e-01
5.7970009e-01
5.8031378e-01
4.6816721e-01
2.4730728e-01
-4.9425977e-02
-3.6681733e-01
-6.4175888e-01
-8.2094135e-01
-8.7521886e-01
-8.0553618e-01
-6.3902625e-01
-4.1778757e-01
-1.8515842e-01
2.5577277e-02
1.9674743e-01
3.2527109e-01
4.1661683e-01
4.7694272e-01
5.0702674e-01
5.0060858e-01
4.4777819e-01
3.4191670e-01
1.8722995e-01
3.5021678e-03
-1.7462145e-01
-3.0484143e-01
-3.4954890e-01
-2.8956251e-01
-1.3407884e-01
7.7881409e-02
2.8655819e-01
4.2888436e-01
4.5820995e-01
3.5894226e-01
1.5086086e-01
-1.1783545e-01
-3.8557472e-01
-5.9505621e-01
-7.0785095e-01
-7.1195813e-01
-6.2095637e-01
-4.6602937e-01
-2.8404447e-01
-1.0577470e-01
5.1820252e-02
1.8679230e-01
3.0696222e-01
4.2094075e-01
5.2953643e-01
6.2130575e-01
6.7423831e-01
6.6320215e-01
5.7052754e-01
3.9563033e-01
1.5948924e-01
-9.8530665e-02
-3.3090671e-01
-4.9546461e-01
-5.6695449e-01
-5.4259180e-01
-4.4021453e-01
-2.9054736e-01
-1.2691796e-01
2.3745645e-02
1.4569260e-01
2.3384724e-01
2.8914340e-01
3.1242507e-01
3.0008583e-01
2.4372543e-01
1.3426752e-01
-3.0983791e-02
-2.4120655e-01
-4.6805324e-01
-6.6733599e-01
-7.8739568e-01
-7.8286360e-01
-6.3009640e-01
-3.3888983e-01
4.4856633e-02
4.4834908e-01
7.9114355e-01
1.0077352e+00
1.0647929e+00
9.6679397e-01
7.4923553e-01
4.6369532e-01
1.6136353e-01
-1.1910774e-01
-3.5634387e-01
-5.4367230e-01
-6.8180713e-01
-7.7060274e-01
-8.0357196e-01
-7.6758078e-01
-6.4809354e-01
-4.3816251e-01
-1.4770691e-01
1.9093857e-01
5.2443984e-01
7.8805412e-01
9.2180080e-01
8.8877598e-01
6.8933092e-01
3.6512109e-01
-9.9577874e-03
-3.4990900e-01
-5.8099227e-01
-6.6152078e-01
-5.9047932e-01
-4.0318933e-01
-1.5702617e-01
8.7051545e-02
2.8102898e-01
3.9972355e-01
4.4190060e-01
4.2347867e-01
3.6624618e-01
2.8678801e-01
1.8992013e-01
6.9056997e-02
-8.6775180e-02
-2.8223660e-01
-5.0592841e-01
-7.2624455e-01
-8.9561681e-01
-9.6282238e-01
-8.8971140e-01
-6.6646342e-01
-3.1929216e-01
9.3195529e-02
4.9452643e-01
8.1083144e-01
9.8998428e-01
1.0132002e+00
8.9637750e-01
6.8223701e-01
4.2683615e-01
1.8488333e-01
-2.2818133e-03
-1.1363417e-01
-1.4964275e-01
-1.2842356e-01
-7.8505002e-02
-3.0250808e-02
-7.9935144e-03
-2.4585539e-02
-7.9421456e-02
-1.6011858e-01
-2.4710987e-01
-3.1964462e-01
-3.6140401e-01
-3.6425226e-01
-3.2938085e-01
-2.6591953e-01
-1.8772901e-01
-1.0944667e-01
-4.2914800e-02
5.0733900e-03
3.3164591e-02
4.3989331e-02
4.1548399e-02
2.8694102e-02
6.0647205e-03
-2.6756978e-02
-6.8237640e-02
-1.1156533e-01
-1.4297981e-01
-1.4316732e-01
-9.1848018e-02
2.5572805e-02
2.1110852e-01
4.4898153e-01
7.0390036e-01
9.2438089e-01
1.0519622e+00
1.0355473e+00
8.4769681e-01
4.9750774e-01
3.4233742e-02
-4.6178432e-01
-8.9928518e-01
-1.2004962e+00
-1.3207209e+00
-1.2564286e+00
-1.0404994e+00
-7.2829573e-01
-3.8071964e-01
-4.9989533e-02
2.2847536e-01
4.3748880e-01
5.7438948e-01
6.4477423e-01
6.5639962e-01
6.1544005e-01
5.2616909e-01
3.9365505e-01
2.2774726e-01
4.6020005e-02
-1.2634237e-01
-2.6062702e-01
-3.3196846e-01
-3.2772954e-01
-2.5353860e-01
-1.3383095e-01
-5.5884474e-03
9.3054145e-02
1.3508496e-01
1.1293494e-01
3.9771036e-02
-5.6347177e-02
-1.4294512e-01
-1.9430824e-01
-1.9934257e-01
-1.6341638e-01
-1.0391029e-01
-4.1818472e-02
6.7953591e-03
3.6116024e-02
5.1139859e-02
6.4001613e-02
8.7949412e-02
1.3134011e-01
1.9373167e-01
2.6520171e-01
3.2880147e-01
3.6514620e-01
3.5782324e-01
2.9831354e-01
1.8914646e-01
4.4157390e-02
-1.1459244e-01
-2.6241483e-01
-3.7815584e-01
-4.4878378e-01
-4.7115019e-01
-4.5092147e-01
-3.9956219e-01
-3.3054917e-01
-2.5590508e-01
-1.8386509e-01
-1.1805547e-01
-5.8021797e-02
-5.7242739e-04
5.8550110e-02
1.2287959e-01
1.9347957e-01
2.6766242e-01
3.3874695e-01
3.9715244e-01
4.3261487e-01
4.3693324e-01
4.0652123e-01
3.4402066e-01
2.5828443e-01
1.6235343e-01
6.9788597e-02
-9.3968111e-03
-7.1547363e-02
-1.1969971e-01
-1.6126736e-01
-2.0397437e-01
-2.5162515e-01
-3.0143989e-01
-3.4419645e-01
-3.6735338e-01
-3.6005218e-01
-3.1799766e-01
-2.4617842e-01
-1.5826726e-01
-7.2843589e-02
-7.6370697e-03
2.6445789e-02
2.9532851e-02
1.3443538e-02
-2.0320785e-03
3.6756071e-03
4.3854106e-02
1.1881386e-01
2.1498342e-01
3.0933337e-01
3.7746408e-01
4.0205960e-01
3.7823782e-01
3.1389579e-01
2.2557658e-01
1.3218310e-01
4.9151046e-02
-1.5235501e-02
-6.0860676e-02
-9.4304084e-02
-1.2541877e-01
-1.6291974e-01
-2.1039481e-01
-2.6421445e-01
-3.1423635e-01
-3.4716223e-01
-3.5136338e-01
-3.2135983e-01
-2.6016281e-01
-1.7843697e-01
-9.0699527e-02
-1.0065280e-02
5.6197435e-02
1.0824847e-01
1.5164151e-01
1.9280299e-01
2.3453438e-01
2.7396353e-01
3.0385124e-01
3.1625615e-01
3.0645685e-01
2.7517642e-01
2.2820418e-01
1.7379993e-01
1.1922080e-01
6.7971057e-02
1.8881622e-02
-3.2772660e-02
-9.2680998e-02
-1.6436510e-01
-2.4650437e-01
-3.3159355e-01
-4.0649178e-01
-4.5491031e-01
-4.6133285e-01
-4.1545872e-01
-3.1603752e-01
-1.7286734e-01
-5.8797052e-03
1.5902997e-01
2.9640016e-01
3.8751249e-01
4.2413096e-01
4.0848626e-01
3.5024609e-01
2.6246841e-01
1.5843211e-01
5.0143003e-02
-5.1853631e-02
-1.3827784e-01
-2.0128110e-01
-2.3508429e-01
-2.3661250e-01
-2.0561705e-01
-1.4437870e-01
-5.7742797e-02
4.5863349e-02
1.5281615e-01
2.4365969e-01
2.9526083e-01
2.8639162e-01
2.0537402e-01
5.6786245e-02
-1.3606856e-01
-3.3489520e-01
-4.9576203e-01
-5.8088159e-01
-5.6841068e-01
-4.5686539e-01
-2.6329565e-01
-1.6904645e-02
2.4889401e-01
5.0317803e-01
7.2131801e-01
8.8553691e-01
9.8290777e-01
1.0021770e+00
9.3129344e-01
7.5762352e-01
4.7213521e-01
7.7213555e-02
-4.0430447e-01
-9.2291929e-01
-1.4034582e+00
-1.7561273e+00
-1.8971091e+00
-1.7737627e+00
-1.3858109e+00
-7.9316499e-01
-1.0476437e-01
5.4961603e-01
1.0547201e+00
1.3390739e+00
1.3882787e+00
1.2400330e+00
9.6562039e-01
6.4609811e-01
3.5117681e-01
1.2604908e-01
-1.2262952e-02
-7.0710123e-02
-7.1611237e-02
-4.3136544e-02
-1.1292422e-02
5.4600501e-03
-1.3194665e-03
-3.0318420e-02
-7.3002150e-02
-1.1756430e-01
-1.5316192e-01
-1.7326839e-01
-1.7727571e-01
-1.7004351e-01
-1.5975762e-01
-1.5497207e-01
-1.6186152e-01
-1.8250507e-01
-2.1461412e-01
-2.5264878e-01
-2.8983416e-01
-3.2030147e-01
-3.4054754e-01
-3.4964181e-01
-3.4802913e-01
-3.3528674e-01
-3.0767551e-01
-2.5660266e-01
-1.6905176e-01
-3.0632964e-02
1.6881372e-01
4.2817798e-01
7.2889140e-01
1.0325584e+00
1.2848403e+00
1.4261483e+00
1.4071351e+00
1.2047026e+00
8.3305298e-01
3.4481637e-01
-1.7998280e-01
-6.5461395e-01
-1.0087608e+00
-1.2053126e+00
-1.2451190e+00
-1.1596447e+00
-9.9618034e-01
-8.0194973e-01
-6.1227580e-01
-4.4532743e-01
-3.0331407e-01
-1.7812864e-01
-5.8608283e-02
6.3250179e-02
1.8884702e-01
3.1275225e-01
4.2498933e-01
5.1447158e-01
5.7220279e-01
5.9330340e-01
5.7755600e-01
5.2872580e-01
4.5326181e-01
3.5903241e-01
2.5448090e-01
1.4814955e-01
4.8204208e-02
-3.8361944e-02
-1.0679006e-01
-1.5545003e-01
-1.8607305e-01
-2.0308836e-01
-2.1220322e-01
-2.1867546e-01
-2.2587695e-01
-2.3464084e-01
-2.4353440e-01
-2.4979173e-01
-2.5041878e-01
-2.4304895e-01
-2.2637680e-01
-2.0021200e-01
-1.6524826e-01
-1.2261770e-01
-7.3356599e-02
-1.8053505e-02
4.2996957e-02
1.0902576e-01
1.7770243e-01
2.4434155e-01
3.0203672e-01
3.4304719e-01
3.6118447e-01
3.5430132e-01
3.2567501e-01
2.8342404e-01
2.3796391e-01
1.9838204e-01
1.6907029e-01
1.4787229e-01
1.2644001e-01
9.2682339e-02
3.4492892e-02
-5.6386020e-02
-1.8142814e-01
-3.3393528e-01
-4.9921858e-01
-6.5605019e-01
-7.7922816e-01
-8.4333276e-01
-8.2757984e-01
-7.2106731e-01
-5.2707312e-01
-2.6481901e-01
3.2540086e-02
3.2394824e-01
5.6924346e-01
7.3807702e-01
8.1605203e-01
8.0638444e-01
7.2725168e-01
6.0627844e-01
4.7381946e-01
3.5629829e-01
2.7059858e-01
2.2059693e-01
1.9689185e-01
1.8007537e-01
1.4664893e-01
7.5736818e-02
-4.5191960e-02
-2.1653045e-01
-4.2486934e-01
-6.4361198e-01
-8.3633378e-01
-9.6327379e-01
-9.9048666e-01
-8.9978452e-01
-6.9631943e-01
-4.1034432e-01
-9.1113495e-02
2.0596885e-01
4.3443883e-01
5.6822017e-01
6.0534406e-01
5.6361170e-01
4.7119099e-01
3.5645659e-01
2.4069087e-01
1.3548383e-01
4.4734353e-02
-3.0398283e-02
-8.6153291e-02
-1.1307607e-01
-9.6968100e-02
-2.4093779e-02
1.1094070e-01
2.9759894e-01
5.0550501e-01
6.8683877e-01
7.8584736e-01
7.5386039e-01
5.6579720e-01
2.3258589e-01
-1.9595715e-01
-6.4075690e-01
-1.0139234e+00
-1.2432852e+00
-1.2919477e+00
-1.1659425e+00
-9.0832391e-01
-5.8335879e-01
-2.5736356e-01
1.7403960e-02
2.1182224e-01
3.2116769e-01
3.6027722e-01
3.5548830e-01
3.3616636e-01
3.2777121e-01
3.4724449e-01
4.0052720e-01
4.8168963e-01
5.7355674e-01
6.5032008e-01
6.8266281e-01
6.4505738e-01
5.2360031e-01
3.2186943e-01
6.2387511e-02
-2.1753275e-01
-4.7474521e-01
-6.7111328e-01
-7.8239740e-01
-8.0226052e-01
-7.4063151e-01
-6.1785818e-01
-4.5738716e-01
-2.7978502e-01
-9.9914062e-02
7.2453174e-02
2.2968299e-01
3.6286374e-01
4.5978370e-01
5.0553056e-01
4.8599756e-01
3.9355015e-01
2.3311595e-01
2.6273729e-02
-1.8907794e-01
-3.6492836e-01
-4.5480784e-01
-4.2809292e-01
-2.8220080e-01
-4.7427658e-02
2.1893134e-01
4.4840135e-01
5.8170943e-01
5.8606587e-01
4.6319842e-01
2.4616399e-01
-1.2721361e-02
-2.5784861e-01
-4.4472180e-01
-5.4872979e-01
-5.6671807e-01
-5.1242863e-01
-4.0860778e-01
-2.7890534e-01
-1.4193042e-01
-8.6958616e-03
1.1643700e-01
2.3224559e-01
3.3630563e-01
4.2183611e-01
4.7730973e-01
4.8934866e-01
4.4802100e-01
3.5238964e-01
2.1367520e-01
5.4154948e-02
-9.8223210e-02
-2.1753609e-01
-2.8695418e-01
-3.0276351e-01
-2.7432331e-01
-2.2034124e-01
-1.6280061e-01
-1.2039371e-01
-1.0343080e-01
-1.1177346e-01
-1.3631422e-01
-1.6319030e-01
-1.7890923e-01
-1.7440360e-01
-1.4675605e-01
-9.8514153e-02
-3.5521916e-02
3.5456182e-02
1.0837834e-01
1.7850486e-01
2.4205503e-01
2.9535543e-01
3.3408073e-01
3.5323560e-01
3.4824018e-01
3.1685216e-01
2.6101872e-01
1.8754133e-01
1.0685046e-01
3.0036799e-02
-3.4833962e-02
-8.5585486e-02
-1.2657723e-01
-1.6658703e-01
-2.1461221e-01
-2.7522470e-01
-3.4528271e-01
-4.1323395e-01
-4.6139694e-01
-4.7078512e-01
-4.2723391e-01
-3.2689639e-01
-1.7903347e-01
-4.8182162e-03
1.6763916e-01
3.1043497e-01
4.0289770e-01
4.3637006e-01
4.1541134e-01
3.5525843e-01
2.7660754e-01
1.9959481e-01
1.3892890e-01
1.0146124e-01
8.6381478e-02
8.7244872e-02
9.4687410e-02
9.8983697e-02
9.2057064e-02
6.8773314e-02
2.7429787e-02
-3.0494958e-02
-1.0107526e-01
-1.7882569e-01
-2.5746891e-01
-3.3044332e-01
-3.9120717e-01
-4.3358876e-01
-4.5243083e-01
-4.4450646e-01
-4.0934837e-01
-3.4949410e-01
-2.6980626e-01
-1.7593998e-01
-7.2554562e-02
3.7801008e-02
1.5437304e-01
2.7642748e-01
4.0090568e-01
5.2093797e-01
6.2634262e-01
7.0616776e-01
7.5208300e-01
7.6076072e-01
7.3375720e-01
6.7466239e-01
5.8479146e-01
4.5969804e-01
2.8881156e-01
5.9470037e-02
-2.3513196e-01
-5.8645784e-01
-9.6340538e-01
-1.3114629e+00
-1.5610060e+00
-1.6443778e+00
-1.5174054e+00
-1.1778690e+00
-6.7293659e-01
-9.0738322e-02
4.6247699e-01
8.9155638e-01
1.1369396e+00
1.1858791e+00
1.0681096e+00
8.3989398e-01
5.6377628e-01
2.9144855e-01
5.4723113e-02
-1.3403477e-01
-2.7423919e-01
-3.6680643e-01
-4.0639960e-01
-3.7986693e-01
-2.7175273e-01
-7.4731346e-02
1.9935930e-01
5.1286343e-01
8.0401208e-01
9.9851854e-01
1.0291710e+00
8.5798156e-01
4.9307650e-01
-7.2378798e-03
-5.4700216e-01
-1.0188171e+00
-1.3343088e+00
-1.4471166e+00
-1.3603729e+00
-1.1179109e+00
-7.8493606e-01
-4.2676909e-01
-9.3174981e-02
1.8791248e-01
4.0777709e-01
5.6904274e-01
6.7716105e-01
7.3490973e-01
7.4143051e-01
6.9514511e-01
5.9843535e-01
4.6155420e-01
3.0371784e-01
1.5043218e-01
2.7520508e-02
-4.6350121e-02
-6.6044583e-02
-4.2679817e-02
-1.0621263e-03
2.8075480e-02
1.8759737e-02
-4.0675817e-02
-1.4329816e-01
-2.6645699e-01
-3.8046322e-01
-4.5920952e-01
-4.8843609e-01
-4.6880473e-01
-4.1326406e-01
-3.4027709e-01
-2.6576810e-01
-1.9695048e-01
-1.3040487e-01
-5.5004684e-02
4.1733036e-02
1.6652428e-01
3.1505064e-01
4.7029205e-01
6.0508320e-01
6.8842397e-01
6.9402912e-01
6.0876917e-01
4.3836622e-01
2.0821340e-01
-4.1517535e-02
-2.6550896e-01
-4.2493928e-01
-4.9742431e-01
-4.8190680e-01
-3.9684654e-01
-2.7251579e-01
-1.4042376e-01
-2.3909003e-02
6.6709235e-02
1.3300695e-01
1.8237861e-01
2.1997713e-01
2.4239796e-01
2.3613512e-01
1.8197322e-01
6.4141281e-02
-1.1897082e-01
-3.4678692e-01
-5.7517695e-01
-7.4402243e-01
-7.9310924e-01
-6.8227225e-01
-4.0883280e-01
-1.4705170e-02
4.2155131e-01
8.0630487e-01
1.0581130e+00
1.1299757e+00
1.0187215e+00
7.5996287e-01
4.1282826e-01
4.1404147e-02
-3.0063044e-01
-5.7817531e-01
-7.7489529e-01
-8.8750216e-01
-9.1791727e-01
-8.6721428e-01
-7.3395237e-01
-5.1745850e-01
-2.2450496e-01
1.2375806e-01
4.8829739e-01
8.1495376e-01
1.0441867e+00
1.1258497e+00
1.0347151e+00
7.8131088e-01
4.1323430e-01
4.8402869e-03
-3.6232649e-01
-6.2165804e-01
-7.3801223e-01
-7.1311235e-01
-5.7933158e-01
-3.8583623e-01
-1.8297270e-01
-1.0035604e-02
1.1078925e-01
1.7415948e-01
1.8685135e-01
1.6136345e-01
1.1042327e-01
4.3914306e-02
-3.1588231e-02
-1.1147429e-01
-1.9108295e-01
-2.6397336e-01
-3.2114217e-01
-3.5159965e-01
-3.4440868e-01
-2.9180549e-01
-1.9247218e-01
-5.3696156e-02
1.0869680e-01
2.7304128e-01
4.1655577e-01
5.2065602e-01
5.7519733e-01
5.8042980e-01
5.4626876e-01
4.8923919e-01
4.2785728e-01
3.7729796e-01
3.4428726e-01
3.2348381e-01
2.9690174e-01
2.3755580e-01
1.1722497e-01
-8.3420557e-02
-3.6521081e-01
-7.0442531e-01
-1.0526866e+00
-1.3440041e+00
-1.5085470e+00
-1.4906678e+00
-1.2665854e+00
-8.5586992e-01
-3.2155639e-01
2.4311891e-01
7.3836617e-01
1.0841770e+00
1.2399920e+00
1.2110357e+00
1.0402685e+00
7.9045190e-01
5.2384369e-01
2.8665209e-01
1.0230821e-01
-2.6395440e-02
-1.0937377e-01
-1.5981143e-01
-1.8690347e-01
-1.9284643e-01
-1.7435788e-01
-1.2750657e-01
-5.3633853e-02
3.6220672e-02
1.2058072e-01
1.7152252e-01
1.6275731e-01
7.9400639e-02
-7.4229670e-02
-2.7243871e-01
-4.7349494e-01
-6.3120841e-01
-7.0842398e-01
-6.8715345e-01
-5.7189268e-01
-3.8593190e-01
-1.6313835e-01
6.1313379e-02
2.5834234e-01
4.0898059e-01
5.0500331e-01
5.4717482e-01
5.4240418e-01
5.0086341e-01
4.3371235e-01
3.5168276e-01
2.6438550e-01
1.7986200e-01
1.0385643e-01
3.8740616e-02
-1.7267689e-02
-6.9646298e-02
-1.2543986e-01
-1.9004344e-01
-2.6418922e-01
-3.4233983e-01
-4.1303733e-01
-4.6111431e-01
-4.7131618e-01
-4.3261585e-01
-3.4213847e-01
-2.0736654e-01
-4.5545213e-02
1.1994648e-01
2.6533590e-01
3.7239796e-01
4.3235696e-01
4.4618069e-01
4.2130284e-01
3.6664548e-01
2.8877599e-01
1.9138060e-01
7.8222084e-02
-4.2490620e-02
-1.5550414e-01
-2.4009925e-01
-2.7598407e-01
-2.5122119e-01
-1.6863961e-01
-4.7579409e-02
8.0354188e-02
1.8030233e-01
2.2455827e-01
2.0039098e-01
1.1257450e-01
-1.9773842e-02
-1.7030563e-01
-3.1357799e-01
-4.3124254e-01
-5.1427447e-01
-5.6087033e-01
-5.7142716e-01
-5.4326377e-01
-4.6789632e-01
-3.3264267e-01
-1.2655507e-01
1.5114520e-01
4.8325988e-01
8.3095069e-01
1.1369672e+00
1.3365514e+00
1.3740663e+00
1.2207652e+00
8.8763314e-01
4.2767115e-01
-7.5138103e-02
-5.2793213e-01
-8.5467651e-01
-1.0158314e+00
-1.0149608e+00
-8.9116679e-01
-7.0189794e-01
-5.0347211e-01
-3.3602320e-01
-2.1664541e-01
-1.4104909e-01
-9.1426079e-02
-4.6933568e-02
6.8947144e-03
7.2699034e-02
1.4123806e-01
1.9633993e-01
2.2275550e-01
2.1378701e-01
1.7564116e-01
1.2659139e-01
9.0894957e-02
8.9527539e-02
1.3141335e-01
2.0898210e-01
3.0016314e-01
3.7604595e-01
4.1090607e-01
3.9047728e-01
3.1553857e-01
2.0015486e-01
6.5958212e-02
-6.5074527e-02
-1.7685293e-01
-2.6258185e-01
-3.2451839e-01
-3.7038435e-01
-4.0787056e-01
-4.3943003e-01
-4.5952761e-01
-4.5566344e-01
-4.1316579e-01
-3.2230695e-01
-1.8507786e-01
-1.8505877e-02
1.4774798e-01
2.7962693e-01
3.5017863e-01
3.4975810e-01
2.9027552e-01
2.0110879e-01
1.1815934e-01
7.0917622e-02
7.3203425e-02
1.2099673e-01
1.9710947e-01
2.7959969e-01
3.4994596e-01
3.9786281e-01
4.2141079e-01
4.2297944e-01
4.0327761e-01
3.5625240e-01
2.6761477e-01
1.1840079e-01
-1.0689099e-01
-4.0993950e-01
-7.6963475e-01
-1.1383789e+00
-1.4466379e+00
-1.6166294e+00
-1.5829340e+00
-1.3145127e+00
-8.3045599e-01
-2.0224107e-01
4.6082292e-01
1.0396730e+00
1.4374711e+00
1.6037115e+00
1.5423660e+00
1.3031660e+00
9.6155547e-01
5.9570359e-01
2.6799006e-01
1.5131412e-02
-1.5254111e-01
-2.4492005e-01
-2.8274504e-01
-2.8866898e-01
-2.8124534e-01
-2.7252740e-01
-2.6842122e-01
-2.7031341e-01
-2.7681235e-01
-2.8510648e-01
-2.9189605e-01
-2.9400132e-01
-2.8876603e-01
-2.7435314e-01
-2.4994349e-01
-2.1573092e-01
-1.7260695e-01
-1.2164249e-01
-6.3770402e-02
-1.2829111e-04
6.6863752e-02
1.3224717e-01
1.8805974e-01
2.2448911e-01
2.3279833e-01
2.0925325e-01
1.5852501e-01
9.4875158e-02
4.0044551e-02
1.7915154e-02
4.7171461e-02
1.3395869e-01
2.6681756e-01
4.1596215e-01
5.3814921e-01
5.8690487e-01
5.2599427e-01
3.4237107e-01
5.4151178e-02
-2.9007069e-01
-6.2184379e-01
-8.7107148e-01
-9.8594199e-01
-9.4737720e-01
-7.7280528e-01
-5.0841881e-01
-2.1344676e-01
5.7522553e-02
2.6809665e-01
4.0554117e-01
4.7751016e-01
5.0267587e-01
4.9978327e-01
4.7951666e-01
4.4178881e-01
3.7869470e-01
2.8134038e-01
1.4755158e-01
-1.2694583e-02
-1.7639678e-01
-3.1195632e-01
-3.8795159e-01
-3.8375148e-01
-2.9829451e-01
-1.5321117e-01
1.1952240e-02
1.5145146e-01
2.2769725e-01
2.2251445e-01
1.4106442e-01
7.5866007e-03
-1.4452191e-01
-2.8386990e-01
-3.8914070e-01
-4.5156789e-01
-4.7200480e-01
-4.5500476e-01
-4.0315204e-01
-3.1421068e-01
-1.8214143e-01
-1.4984514e-03
2.2639338e-01
4.8775536e-01
7.5366479e-01
9.8234415e-01
1.1269913e+00
1.1477135e+00
1.0242333e+00
7.6491827e-01
4.0797907e-01
1.2934471e-02
-3.5558800e-01
-6.4574996e-01
-8.3095597e-01
-9.1235411e-01
-9.1162334e-01
-8.5829221e-01
-7.7733599e-01
-6.8172382e-01
-5.7190871e-01
-4.4124921e-01
-2.8413037e-01
-1.0285361e-01
8.9629014e-02
2.7194052e-01
4.2014286e-01
5.1471304e-01
5.4608627e-01
5.1706570e-01
4.4160549e-01
3.4063803e-01
2.3643732e-01
1.4728688e-01
8.3933519e-02
4.8616481e-02
3.6590987e-02
3.9273936e-02
4.7716273e-02
5.5216766e-02
5.8446162e-02
5.7156367e-02
5.3061437e-02
4.8566098e-02
4.5719486e-02
4.5382942e-02
4.6436975e-02
4.4996677e-02
3.3926254e-02
3.2620694e-03
-5.7767201e-02
-1.5688137e-01
-2.9378830e-01
-4.5586926e-01
-6.1664926e-01
-7.3869994e-01
-7.8138746e-01
-7.1219619e-01
-5.1863361e-01
-2.1655513e-01
1.4912334e-01
5.1332550e-01
8.0755904e-01
9.7884592e-01
1.0036781e+00
8.9198905e-01
6.8059785e-01
4.1966644e-01
1.5761149e-01
-7.0514789e-02
-2.4809610e-01
-3.7495370e-01
-4.6018512e-01
-5.1331683e-01
-5.3742760e-01
-5.2676422e-01
-4.6956344e-01
-3.5498057e-01
-1.8158469e-01
3.5943422e-02
2.6514913e-01
4.6104427e-01
5.7764082e-01
5.8242096e-01
4.6856113e-01
2.5977603e-01
4.9534564e-03
-2.3616863e-01
-4.1091835e-01
-4.8813169e-01
-4.6396093e-01
-3.5814160e-01
-2.0381698e-01
-3.5884730e-02
1.1781660e-01
2.4043942e-01
3.2554830e-01
3.7373715e-01
3.8825398e-01
3.7108487e-01
3.2076793e-01
2.3299253e-01
1.0419126e-01
-6.3111660e-02
-2.5562064e-01
-4.4781130e-01
-6.0525032e-01
-6.9254955e-01
-6.8386618e-01
-5.7225012e-01
-3.7379567e-01
-1.2422939e-01
1.3113674e-01
3.5002302e-01
5.0331893e-01
5.7937615e-01
5.8216503e-01
5.2557922e-01
4.2712265e-01
3.0350067e-01
1.6902075e-01
3.6176866e-02
-8.2988673e-02
-1.7610598e-01
-2.3111486e-01
-2.3849792e-01
-1.9461931e-01
-1.0504767e-01
1.3629304e-02
1.3483610e-01
2.2648830e-01
2.5841584e-01
2.1108382e-01
8.3100597e-02
-1.0530888e-01
-3.1510499e-01
-4.9794235e-01
-6.1000375e-01
-6.2526297e-01
-5.4286373e-01
-3.8567211e-01
-1.9095074e-01
2.6479601e-03
1.6644738e-01
2.8739191e-01
3.6675616e-01
4.1380614e-01
4.3816895e-01
4.4450750e-01
4.3127822e-01
3.9313000e-01
3.2512392e-01
2.2680515e-01
1.0476445e-01
-2.6970029e-02
-1.4886791e-01
-2.3996322e-01
-2.8341401e-01
-2.7219044e-01
-2.1277912e-01
-1.2482056e-01
-3.5981080e-02
2.6406951e-02
4.3731109e-02
1.1295595e-02
-6.1326531e-02
-1.5433955e-01
-2.4418786e-01
-3.1003049e-01
-3.3836208e-01
-3.2487781e-01
-2.7361121e-01
-1.9408639e-01
-9.7643722e-02
5.8415770e-03
1.0991858e-01
2.1177627e-01
3.1082790e-01
4.0620553e-01
4.9401655e-01
5.6542626e-01
6.0664871e-01
6.0152461e-01
5.3641466e-01
4.0591968e-01
2.1710818e-01
-9.8656655e-03
-2.4545273e-01
-4.5741619e-01
-6.1794316e-01
-7.0873304e-01
-7.2298508e-01
-6.6467269e-01
-5.4628850e-01
-3.8623141e-01
-2.0644824e-01
-3.0233386e-02
1.2032747e-01
2.2758558e-01
2.8180000e-01
2.8363316e-01
2.4426280e-01
1.8242552e-01
1.1902967e-01
7.1144924e-02
4.7545725e-02
4.7411220e-02
6.2645828e-02
